# Fix print output for fix def1
1.78915566156905e-16 -0.00222588990885349 -0.00222588990885349
0.00100000000000008 -0.00740822965966833 -0.00740822965966835
0.00200000000000016 0.00456897353786253 0.00456897353786254
0.00300000000000024 0.0040594577157587 0.00405945771575868
0.00400000000000014 0.00653355189719838 0.0065335518971984
0.00500000000000022 0.00998425517821248 0.00998425517821251
0.0060000000000003 0.00925169384429711 0.00925169384429715
0.0070000000000002 0.00694913443162776 0.0069491344316278
0.0080000000000001 7.79097131279896e-05 7.7909713127994e-05
0.00900000000000018 0.00682941952729288 0.00682941952729292
0.0100000000000003 0.0214287100396642 0.0214287100396642
0.0110000000000002 0.00349607308869461 0.00349607308869462
0.0120000000000001 -0.000101202241104917 -0.000101202241104948
0.0130000000000001 0.0170800891890973 0.0170800891890973
0.0140000000000002 0.0106395271837594 0.0106395271837594
0.0150000000000001 0.00264271876013872 0.00264271876013869
0.0160000000000002 0.0154701587420143 0.0154701587420143
0.0170000000000003 0.0125281270185707 0.0125281270185707
0.0180000000000002 0.0117941884301185 0.0117941884301185
0.0190000000000001 0.0182188372602594 0.0182188372602593
0.0200000000000002 0.0163852407423737 0.0163852407423737
0.0210000000000003 0.00941469918419479 0.00941469918419477
0.0220000000000002 0.00793203601256142 0.0079320360125614
0.0230000000000001 0.00829726726788648 0.0082972672678865
0.0240000000000003 0.0125234794669564 0.0125234794669564
0.0250000000000002 0.0152389209206552 0.0152389209206552
0.0260000000000001 0.0094579895558151 0.00945798955581506
0.0270000000000002 0.00753220144320105 0.00753220144320104
0.0280000000000003 0.0177280086392977 0.0177280086392977
0.0290000000000002 0.0185557910344912 0.0185557910344911
0.0300000000000001 0.0130858723481183 0.0130858723481183
0.0310000000000002 0.0163084621566021 0.0163084621566022
0.0320000000000002 0.0197328207059744 0.0197328207059744
0.0330000000000001 0.00910813950174912 0.00910813950174905
0.0340000000000002 0.00823101352621879 0.0082310135262188
0.0350000000000003 0.0212773812986901 0.02127738129869
0.0360000000000002 0.00765604159347313 0.00765604159347315
0.0370000000000001 0.013796280786167 0.013796280786167
0.0380000000000002 0.0353687266182209 0.0353687266182209
0.0390000000000003 0.0210001148745999 0.0210001148745999
0.0400000000000002 0.0210879911381755 0.0210879911381755
0.0410000000000001 0.0309337100098558 0.0309337100098558
0.0420000000000001 0.0227538697909491 0.0227538697909491
0.0430000000000002 0.0187734855627501 0.0187734855627501
0.0440000000000001 0.0219801948688776 0.0219801948688775
0.0450000000000002 0.021349605069252 0.0213496050692519
0.0460000000000003 0.0258566614970578 0.0258566614970578
0.0470000000000002 0.0276950545705516 0.0276950545705516
0.0480000000000001 0.0198757865572537 0.0198757865572537
0.0490000000000002 0.0137960638602187 0.0137960638602187
0.0500000000000003 0.0217324914842383 0.0217324914842383
0.0510000000000001 0.018089579510953 0.0180895795109529
0.0520000000000002 0.0131941255060576 0.0131941255060576
0.0530000000000003 0.0210828986489427 0.0210828986489427
0.0540000000000002 0.0193923308798685 0.0193923308798685
0.0550000000000001 0.0193000623800152 0.0193000623800152
0.0560000000000002 0.0304582464430572 0.0304582464430572
0.0570000000000003 0.0164490537546704 0.0164490537546704
0.0580000000000002 0.0107005377418236 0.0107005377418236
0.0590000000000001 0.0251653268502065 0.0251653268502065
0.0600000000000002 0.017801784160355 0.0178017841603551
0.0610000000000002 0.0198682209904099 0.01986822099041
0.0620000000000001 0.0214348815304778 0.0214348815304779
0.0630000000000002 0.0151923414124306 0.0151923414124307
0.0640000000000003 0.0206209326656892 0.0206209326656892
0.0650000000000002 0.0158705129972104 0.0158705129972104
0.0660000000000001 0.0143478575538718 0.0143478575538718
0.0670000000000002 0.0242480616526172 0.0242480616526172
0.0680000000000003 0.0293001887490077 0.0293001887490077
0.0690000000000002 0.0244702166354234 0.0244702166354234
0.0700000000000002 0.0245954878516845 0.0245954878516845
0.0710000000000001 0.027042513217323 0.027042513217323
0.0720000000000002 0.0288758129673301 0.0288758129673302
0.0730000000000001 0.0184946138738159 0.0184946138738159
0.0740000000000002 0.0294412754095407 0.0294412754095407
0.0750000000000003 0.0403871431802356 0.0403871431802356
0.0760000000000002 0.0231559859835697 0.0231559859835697
0.0770000000000001 0.0226767756274179 0.0226767756274179
0.0780000000000002 0.0320098261003839 0.0320098261003838
0.0790000000000003 0.0286864967246005 0.0286864967246004
0.0800000000000002 0.023944090728449 0.0239440907284491
0.0810000000000002 0.0277831292754591 0.0277831292754592
0.0820000000000003 0.0208515403530307 0.0208515403530306
0.0830000000000002 0.0242898275714959 0.0242898275714959
0.0840000000000001 0.0335724476706556 0.0335724476706556
0.0850000000000002 0.0287956451606024 0.0287956451606023
0.0860000000000003 0.0301940779135657 0.0301940779135658
0.0870000000000002 0.0302583894561117 0.0302583894561116
0.0880000000000001 0.023212521555728 0.0232125215557281
0.0890000000000002 0.0241553328246233 0.0241553328246234
0.0900000000000002 0.0296140924528145 0.0296140924528145
0.0910000000000001 0.0333559038637615 0.0333559038637614
0.0920000000000002 0.0248911036533544 0.0248911036533544
0.0930000000000003 0.021863837696958 0.0218638376969581
0.0940000000000002 0.0355036862105317 0.0355036862105318
0.0950000000000001 0.0213686778244429 0.0213686778244429
0.0960000000000002 0.0145417490068229 0.0145417490068229
0.0970000000000003 0.0359214361027335 0.0359214361027335
0.0980000000000002 0.0369868471316044 0.0369868471316043
0.0990000000000002 0.0237102144567099 0.0237102144567099
0.1 0.0271169049208277 0.0271169049208276
0.101 0.0336798486196611 0.033679848619661
0.102 0.0265564179943341 0.0265564179943341
0.103 0.0357680650960549 0.0357680650960549
0.104 0.0345232626459056 0.0345232626459055
0.105 0.0117364326002864 0.0117364326002865
0.106 0.0230482408307745 0.0230482408307745
0.107 0.0386074868531602 0.0386074868531602
0.108 0.0285504181339115 0.0285504181339114
0.109 0.0308640838636563 0.0308640838636563
0.11 0.0394733604601889 0.0394733604601889
0.111 0.0268914907341771 0.0268914907341772
0.112 0.0215513153930704 0.0215513153930704
0.113 0.034302897868904 0.034302897868904
0.114 0.0228609858671587 0.0228609858671587
0.115 0.0149183678322195 0.0149183678322195
0.116 0.0345023654363885 0.0345023654363885
0.117 0.0336438878459171 0.0336438878459171
0.118 0.0179165774150075 0.0179165774150074
0.119 0.0313847654109063 0.0313847654109063
0.12 0.0353764874116473 0.0353764874116474
0.121 0.0325238850900917 0.0325238850900917
0.122 0.0367256883079648 0.0367256883079647
0.123 0.0333621854887437 0.0333621854887436
0.124 0.0261132540999081 0.0261132540999081
0.125 0.0276606311190229 0.0276606311190228
0.126 0.0249123733103917 0.0249123733103917
0.127 0.0281417456409525 0.0281417456409524
0.128 0.024489359267969 0.024489359267969
0.129 0.0311072933878297 0.0311072933878296
0.13 0.0442292585525536 0.0442292585525536
0.131 0.0241867680449467 0.0241867680449467
0.132 0.0188103792191794 0.0188103792191794
0.133 0.0403785095559208 0.0403785095559208
0.134 0.0388951719443992 0.0388951719443991
0.135 0.0327160406675772 0.0327160406675772
0.136 0.0411800382983636 0.0411800382983635
0.137 0.0461917269319368 0.0461917269319368
0.138 0.0342770498430329 0.034277049843033
0.139 0.0205468488400452 0.0205468488400452
0.14 0.0383812130117165 0.0383812130117165
0.141 0.0349316638341426 0.0349316638341426
0.142 0.0209284240935116 0.0209284240935116
0.143 0.0360711111773995 0.0360711111773995
0.144 0.0435793664342762 0.0435793664342762
0.145 0.0364455221604255 0.0364455221604254
0.146 0.039874688337158 0.0398746883371581
0.147 0.0359865651973732 0.0359865651973732
0.148 0.0305130955214605 0.0305130955214605
0.149 0.0232516412305284 0.0232516412305285
0.15 0.0191050059691833 0.0191050059691833
0.151 0.0366086211863318 0.0366086211863317
0.152 0.0346175846531653 0.0346175846531652
0.153 0.0292840188769789 0.0292840188769789
0.154 0.0349425115835981 0.0349425115835981
0.155 0.0309200445752741 0.0309200445752741
0.156 0.0284906067969637 0.0284906067969637
0.157 0.0448143502140723 0.0448143502140724
0.158 0.0332213032492339 0.0332213032492338
0.159 0.0214433233043971 0.0214433233043972
0.16 0.0369298930356147 0.0369298930356147
0.161 0.0415032196601064 0.0415032196601063
0.162 0.0320822633136152 0.0320822633136152
0.163 0.0310796575144132 0.0310796575144133
0.164 0.0431317301668538 0.0431317301668538
0.165 0.0368205617567611 0.0368205617567611
0.166 0.0320132136783804 0.0320132136783804
0.167 0.0400471226622664 0.0400471226622664
0.168 0.0328965484098695 0.0328965484098695
0.169 0.0284051587669487 0.0284051587669487
0.17 0.0353820652743853 0.0353820652743853
0.171 0.0300413453187783 0.0300413453187782
0.172 0.0360774614623548 0.0360774614623549
0.173 0.0329219745887009 0.0329219745887009
0.174 0.0238213194927649 0.0238213194927649
0.175 0.0345152715077277 0.0345152715077277
0.176 0.0293856773051428 0.0293856773051428
0.177 0.0276685855906062 0.0276685855906063
0.178 0.0426601737883998 0.0426601737883997
0.179 0.0366703972698249 0.0366703972698249
0.18 0.033108977591451 0.0331089775914509
0.181 0.0379076700775658 0.0379076700775658
0.182 0.0298378474270951 0.029837847427095
0.183 0.0255922125015026 0.0255922125015026
0.184 0.0321090527320443 0.0321090527320442
0.185 0.0457131017884575 0.0457131017884574
0.186 0.0344469435834736 0.0344469435834736
0.187 0.0208323603304865 0.0208323603304866
0.188 0.0326202073598931 0.0326202073598932
0.189 0.0316969332696655 0.0316969332696655
0.19 0.0264458703723775 0.0264458703723775
0.191 0.0319815041437599 0.0319815041437599
0.192 0.0410373670139535 0.0410373670139535
0.193 0.0427215973291548 0.0427215973291549
0.194 0.0346050412222093 0.0346050412222093
0.195 0.0322570723575887 0.0322570723575887
0.196 0.0381860019453172 0.0381860019453172
0.197 0.0399424237254569 0.039942423725457
0.198 0.0399668584943032 0.0399668584943032
0.199 0.0297983433067659 0.0297983433067659
0.2 0.038900508943324 0.038900508943324
0.201 0.0476495695857779 0.047649569585778
0.202 0.0388385551979543 0.0388385551979542
0.203 0.0343538468206454 0.0343538468206454
0.204 0.0422858057484589 0.0422858057484589
0.205 0.0319100806211899 0.0319100806211899
0.206 0.0224292558391987 0.0224292558391987
0.207 0.0439263269751007 0.0439263269751007
0.208 0.0341578026136356 0.0341578026136356
0.209 0.0241848273393884 0.0241848273393885
0.21 0.0493138174749788 0.0493138174749788
0.211 0.0495397063634898 0.0495397063634898
0.212 0.0340969875333008 0.0340969875333008
0.213 0.0401291424585568 0.0401291424585567
0.214 0.0485671019646057 0.0485671019646057
0.215 0.0515779347908941 0.051577934790894
0.216 0.0421060626511437 0.0421060626511436
0.217 0.0380172692922872 0.0380172692922872
0.218 0.0389608403509267 0.0389608403509268
0.219 0.0412881349793761 0.0412881349793761
0.22 0.0414608586123094 0.0414608586123094
0.221 0.0385219801100514 0.0385219801100513
0.222 0.0401382929886946 0.0401382929886946
0.223 0.045048015647903 0.0450480156479029
0.224 0.0358435028104652 0.0358435028104652
0.225 0.0351216068861213 0.0351216068861213
0.226 0.0390962160844652 0.0390962160844653
0.227 0.0353173646377486 0.0353173646377486
0.228 0.0364666732122983 0.0364666732122983
0.229 0.0359496206946803 0.0359496206946803
0.23 0.0363552061397448 0.0363552061397449
0.231 0.0341919679678631 0.0341919679678631
0.232 0.0326797721161366 0.0326797721161366
0.233 0.0397734435877147 0.0397734435877147
0.234 0.0390047723131734 0.0390047723131734
0.235 0.0281750037146063 0.0281750037146063
0.236 0.0299853971825803 0.0299853971825803
0.237 0.036354546204429 0.0363545462044289
0.238 0.0335477502097784 0.0335477502097785
0.239 0.0379223276824063 0.0379223276824063
0.24 0.0360334207396436 0.0360334207396435
0.241 0.0393517584357769 0.0393517584357769
0.242 0.0429711127726002 0.0429711127726002
0.243 0.0401700622336614 0.0401700622336614
0.244 0.0366382348253807 0.0366382348253807
0.245 0.0399754614513336 0.0399754614513335
0.246 0.0498828470935373 0.0498828470935373
0.247 0.0421313316574329 0.0421313316574329
0.248 0.0400813702553708 0.0400813702553709
0.249 0.0460923594318665 0.0460923594318664
0.25 0.0274872890519028 0.0274872890519028
0.251 0.0311597316639131 0.0311597316639132
0.252 0.0401634444774687 0.0401634444774688
0.253 0.0371602107681936 0.0371602107681937
0.254 0.0377457752874849 0.0377457752874848
0.255 0.0416153528866502 0.0416153528866502
0.256 0.0337784094600155 0.0337784094600156
0.257 0.0307449439043237 0.0307449439043237
0.258 0.0336749194455796 0.0336749194455796
0.259 0.0345705383951668 0.0345705383951667
0.26 0.0371770125838299 0.0371770125838299
0.261 0.0485529673201985 0.0485529673201985
0.262 0.0483299547782314 0.0483299547782314
0.263 0.0349793497165976 0.0349793497165977
0.264 0.0404954232867432 0.0404954232867433
0.265 0.0430226386803063 0.0430226386803064
0.266 0.0348909571230192 0.0348909571230192
0.267 0.0342557171941184 0.0342557171941184
0.268 0.0290479668568245 0.0290479668568245
0.269 0.0277386421710758 0.0277386421710758
0.27 0.0378140277196449 0.0378140277196448
0.271 0.0363994871358819 0.0363994871358819
0.272 0.0347384292255541 0.0347384292255541
0.273 0.0359740723105363 0.0359740723105364
0.274 0.0386726076196538 0.0386726076196539
0.275 0.0443537268315884 0.0443537268315884
0.276 0.0366759395797043 0.0366759395797043
0.277 0.0373169542481737 0.0373169542481737
0.278 0.04828308156969 0.04828308156969
0.279 0.0322483844649007 0.0322483844649006
0.28 0.0270480258030347 0.0270480258030348
0.281 0.0422445794208343 0.0422445794208343
0.282 0.0410274241991178 0.0410274241991179
0.283 0.0322257451599732 0.0322257451599732
0.284 0.0429816530790181 0.0429816530790181
0.285 0.0514193191001572 0.0514193191001571
0.286 0.0335721459307519 0.0335721459307518
0.287 0.0396240872456199 0.0396240872456199
0.288 0.0498766667846863 0.0498766667846862
0.289 0.0387851281082107 0.0387851281082107
0.29 0.0313757485785513 0.0313757485785513
0.291 0.03837317874873 0.03837317874873
0.292 0.0484480411178497 0.0484480411178497
0.293 0.0420762092019588 0.0420762092019588
0.294 0.033320017209381 0.033320017209381
0.295 0.0429184914727972 0.0429184914727971
0.296 0.0371318712420792 0.0371318712420791
0.297 0.031175458090642 0.0311754580906421
0.298 0.0496401697245286 0.0496401697245287
0.299 0.0423057852322892 0.0423057852322892
0.3 0.035730999545211 0.035730999545211
0.301 0.0443061437141058 0.044306143714106
0.302 0.0388502034846651 0.038850203484665
0.303 0.0542789695880262 0.0542789695880262
0.304 0.0543797059878789 0.0543797059878789
0.305 0.0451775438782734 0.0451775438782734
0.306 0.0519062820545757 0.0519062820545756
0.307 0.0471192010944166 0.0471192010944167
0.308 0.041435605535038 0.041435605535038
0.309 0.0464714412904043 0.0464714412904043
0.31 0.0516026866196678 0.0516026866196678
0.311 0.0515308257024293 0.0515308257024293
0.312 0.0416182624992203 0.0416182624992202
0.313 0.0406926184849605 0.0406926184849605
0.314 0.0483048563984981 0.0483048563984981
0.315 0.0434315004486051 0.0434315004486052
0.316 0.0487702412459744 0.0487702412459743
0.317 0.0396425866959104 0.0396425866959103
0.318 0.0287793870026135 0.0287793870026135
0.319 0.0335134127703862 0.0335134127703862
0.32 0.0368756456087906 0.0368756456087907
0.321 0.0381523667015704 0.0381523667015704
0.322 0.0388402491737356 0.0388402491737356
0.323 0.0401982526887002 0.0401982526887002
0.324 0.0494016819126282 0.0494016819126281
0.325 0.0454234919016033 0.0454234919016033
0.326 0.0359896260763705 0.0359896260763704
0.327 0.0519525681211123 0.0519525681211123
0.328 0.0510824346552393 0.0510824346552394
0.329 0.0359457978184822 0.0359457978184822
0.33 0.0426117869340101 0.04261178693401
0.331 0.0525540994028446 0.0525540994028446
0.332 0.0330725202144226 0.0330725202144226
0.333 0.0324178131573154 0.0324178131573155
0.334 0.0567323562379784 0.0567323562379785
0.335 0.0439370667814502 0.0439370667814503
0.336 0.0329083127031926 0.0329083127031926
0.337 0.0491024839475133 0.0491024839475133
0.338 0.0401622884783153 0.0401622884783154
0.339 0.0406764040278197 0.0406764040278198
0.34 0.052073759119896 0.052073759119896
0.341 0.0488894163606234 0.0488894163606233
0.342 0.040966125098803 0.0409661250988031
0.343 0.0399477815970349 0.0399477815970349
0.344 0.0383942496809574 0.0383942496809575
0.345 0.0371585481195374 0.0371585481195374
0.346 0.0441121880747426 0.0441121880747426
0.347 0.052077225730838 0.0520772257308381
0.348 0.0513065277763684 0.0513065277763685
0.349 0.0386843223111016 0.0386843223111016
0.35 0.0460467477756453 0.0460467477756453
0.351 0.0489567603696069 0.0489567603696069
0.352 0.0332103560495303 0.0332103560495303
0.353 0.0474559839882462 0.0474559839882461
0.354 0.053278044446045 0.053278044446045
0.355 0.044911519821873 0.044911519821873
0.356 0.0452918000952129 0.0452918000952129
0.357 0.0542549125243369 0.0542549125243367
0.358 0.0497984834423077 0.0497984834423078
0.359 0.0370138019531564 0.0370138019531564
0.36 0.0435400347714899 0.0435400347714898
0.361 0.0546474324921395 0.0546474324921395
0.362 0.0492168048444836 0.0492168048444836
0.363 0.0523074586189237 0.0523074586189237
0.364 0.0528899365734723 0.0528899365734722
0.365 0.0492686587332019 0.0492686587332019
0.366 0.047647911282059 0.047647911282059
0.367 0.0463349125241804 0.0463349125241805
0.368 0.0469985587804897 0.0469985587804897
0.369 0.0410621107677555 0.0410621107677555
0.37 0.0373333554936792 0.0373333554936791
0.371 0.0544154301235228 0.0544154301235228
0.372 0.0544833902076412 0.0544833902076412
0.373 0.0401922080289854 0.0401922080289854
0.374 0.0532744815046885 0.0532744815046884
0.375 0.0601460681883915 0.0601460681883916
0.376 0.0437628935627414 0.0437628935627414
0.377 0.0439891741699857 0.0439891741699857
0.378 0.0549719305552836 0.0549719305552836
0.379 0.0522779300907163 0.0522779300907163
0.38 0.0396031842065321 0.0396031842065321
0.381 0.0444619224392 0.0444619224392
0.382 0.043026471837437 0.043026471837437
0.383 0.0366699088784328 0.0366699088784329
0.384 0.0564212536963973 0.0564212536963972
0.385 0.0524354036157562 0.0524354036157562
0.386 0.0378465603449175 0.0378465603449175
0.387 0.059412727785734 0.0594127277857339
0.388 0.0495072131789191 0.049507213178919
0.389 0.0296046492898207 0.0296046492898208
0.39 0.0497818078410633 0.0497818078410633
0.391 0.0450235437890857 0.0450235437890857
0.392 0.0382742971011567 0.0382742971011567
0.393 0.0510532759151561 0.0510532759151561
0.394 0.0475050367128235 0.0475050367128235
0.395 0.0463216324931474 0.0463216324931475
0.396 0.0460423968510279 0.0460423968510279
0.397 0.032930484593751 0.032930484593751
0.398 0.03658358458747 0.03658358458747
0.399 0.0422582982674837 0.0422582982674836
0.4 0.0372394511804094 0.0372394511804093
0.401 0.0397282922346392 0.0397282922346392
0.402 0.0412230046019305 0.0412230046019305
0.403 0.0497195455410424 0.0497195455410424
0.404 0.047104487591095 0.047104487591095
0.405 0.0423664766757379 0.0423664766757379
0.406 0.052718172827455 0.0527181728274549
0.407 0.0533519521598982 0.0533519521598981
0.408 0.0442457356354441 0.0442457356354441
0.409 0.0402831471051702 0.0402831471051702
0.41 0.0478379985139379 0.0478379985139379
0.411 0.0554252929427406 0.0554252929427405
0.412 0.0523043125400375 0.0523043125400375
0.413 0.0408849461118897 0.0408849461118897
0.414 0.0490742657357211 0.0490742657357211
0.415 0.0570993631218365 0.0570993631218365
0.416 0.0458724959013083 0.0458724959013084
0.417 0.0407506510990317 0.0407506510990318
0.418 0.0549358546000685 0.0549358546000685
0.419 0.0576143121314961 0.0576143121314961
0.42 0.043404266472742 0.043404266472742
0.421 0.0452823358712656 0.0452823358712656
0.422 0.0597758040606526 0.0597758040606525
0.423 0.0502163213145065 0.0502163213145065
0.424 0.0360807181190222 0.0360807181190222
0.425 0.0435897119264014 0.0435897119264013
0.426 0.0542767695900193 0.0542767695900193
0.427 0.0529572363581116 0.0529572363581116
0.428 0.0345126820817733 0.0345126820817733
0.429 0.0410799721026299 0.04107997210263
0.43 0.0554693705354894 0.0554693705354894
0.431 0.0358291057798612 0.0358291057798611
0.432 0.0434144830213709 0.0434144830213708
0.433 0.0547678279984587 0.0547678279984587
0.434 0.0334699012476375 0.0334699012476376
0.435 0.0407620501585391 0.0407620501585391
0.436 0.0449003458037312 0.0449003458037312
0.437 0.0360675283167438 0.0360675283167439
0.438 0.0475232889484591 0.0475232889484591
0.439 0.0580213942101846 0.0580213942101846
0.44 0.0440484393835162 0.0440484393835162
0.441 0.0370015335214104 0.0370015335214105
0.442 0.046860433984819 0.0468604339848189
0.443 0.0563413571774511 0.0563413571774512
0.444 0.0455586135034201 0.0455586135034201
0.445 0.0426258458922015 0.0426258458922016
0.446 0.0447998363580567 0.0447998363580567
0.447 0.0339597946483652 0.0339597946483652
0.448 0.0393768751432446 0.0393768751432445
0.449 0.054200751220926 0.0542007512209259
0.45 0.0454904148108891 0.0454904148108891
0.451 0.0239861147045667 0.0239861147045667
0.452 0.0408051373224901 0.04080513732249
0.453 0.0545368027800121 0.054536802780012
0.454 0.0365375962622536 0.0365375962622536
0.455 0.0435419475818208 0.0435419475818209
0.456 0.0594474713167331 0.0594474713167332
0.457 0.0415473328249043 0.0415473328249044
0.458 0.0300851644152488 0.0300851644152487
0.459 0.0500539525921233 0.0500539525921234
0.46 0.0580053511876166 0.0580053511876165
0.461 0.0274464383907497 0.0274464383907497
0.462 0.0370064527760654 0.0370064527760653
0.463 0.0630536166015006 0.0630536166015006
0.464 0.0363350819277064 0.0363350819277063
0.465 0.0290961799790669 0.0290961799790669
0.466 0.0595224127652319 0.0595224127652319
0.467 0.0491221855146818 0.0491221855146818
0.468 0.0347727269830883 0.0347727269830883
0.469 0.0591310578945745 0.0591310578945745
0.47 0.0540277878630377 0.0540277878630376
0.471 0.038077365228189 0.0380773652281889
0.472 0.0440067529197679 0.0440067529197679
0.473 0.048014456784657 0.048014456784657
0.474 0.0473804389298884 0.0473804389298885
0.475 0.0389471454821869 0.0389471454821868
0.476 0.0367404296762125 0.0367404296762125
0.477 0.0574559844828354 0.0574559844828354
0.478 0.0550206640013702 0.0550206640013702
0.479 0.0467203215108439 0.0467203215108439
0.48 0.0534682354344646 0.0534682354344646
0.481 0.0559848925463132 0.0559848925463131
0.482 0.0469658100805441 0.0469658100805441
0.483 0.0499169434746904 0.0499169434746903
0.484 0.0449020722308274 0.0449020722308274
0.485 0.0394731556618933 0.0394731556618933
0.486 0.0480762578338648 0.0480762578338648
0.487 0.0475174675989228 0.0475174675989228
0.488 0.0364101097514346 0.0364101097514346
0.489 0.040697745135586 0.040697745135586
0.49 0.0485752649160478 0.0485752649160478
0.491 0.0384367779329745 0.0384367779329745
0.492 0.0422838707401622 0.0422838707401622
0.493 0.0491505799437276 0.0491505799437276
0.494 0.0414654282226901 0.0414654282226901
0.495 0.0418163418970916 0.0418163418970916
0.496 0.048347536186337 0.0483475361863371
0.497 0.0415737592640818 0.0415737592640817
0.498 0.048197649438886 0.0481976494388861
0.499 0.0535039530444156 0.0535039530444154
0.5 0.0487637563827619 0.0487637563827619
0.501 0.0456380589418702 0.0456380589418702
0.502 0.0535618904348592 0.0535618904348591
0.503 0.0487182507923327 0.0487182507923328
0.504 0.0463502722509704 0.0463502722509703
0.505 0.0509906851429769 0.0509906851429769
0.506 0.0472978854964663 0.0472978854964664
0.507 0.046014355107819 0.0460143551078191
0.508 0.0401987515594635 0.0401987515594635
0.509 0.038451377074143 0.038451377074143
0.51 0.0487412392450549 0.0487412392450549
0.511 0.0468302714636966 0.0468302714636966
0.512 0.0440970274274606 0.0440970274274606
0.513 0.0505377895058128 0.0505377895058129
0.514 0.0440594125396545 0.0440594125396545
0.515 0.0434691320931717 0.0434691320931718
0.516 0.0444885434112049 0.0444885434112049
0.517 0.0381448836012499 0.0381448836012499
0.518 0.0538724841428317 0.0538724841428318
0.519 0.0586538955248946 0.0586538955248946
0.52 0.0431019105289226 0.0431019105289226
0.521 0.0434672873839737 0.0434672873839737
0.522 0.0552963913946851 0.0552963913946851
0.523 0.046621543121245 0.0466215431212449
0.524 0.0343528633652193 0.0343528633652192
0.525 0.0570579735489155 0.0570579735489154
0.526 0.0593625812125294 0.0593625812125294
0.527 0.0400981264929993 0.0400981264929993
0.528 0.046777745864672 0.046777745864672
0.529 0.056561091012465 0.0565610910124649
0.53 0.0438468982313914 0.0438468982313914
0.531 0.0353291325980829 0.0353291325980828
0.532 0.0429242950931763 0.0429242950931763
0.533 0.0501623593107226 0.0501623593107226
0.534 0.0518554543891809 0.0518554543891809
0.535 0.0424092560184697 0.0424092560184697
0.536 0.0473137315831714 0.0473137315831714
0.537 0.045599487616686 0.0455994876166859
0.538 0.0457274621891761 0.0457274621891761
0.539 0.0507551041244219 0.050755104124422
0.54 0.0426385206199459 0.0426385206199458
0.541 0.0534048064315082 0.0534048064315082
0.542 0.057018501901903 0.057018501901903
0.543 0.0472728887247533 0.0472728887247533
0.544 0.0438666249607937 0.0438666249607938
0.545 0.054295616339591 0.054295616339591
0.546 0.0559807616645344 0.0559807616645345
0.547 0.0518904706775748 0.0518904706775748
0.548 0.053532792715029 0.0535327927150289
0.549 0.0557312558993181 0.0557312558993181
0.55 0.0382511406035168 0.0382511406035168
0.551 0.0354018578066835 0.0354018578066835
0.552 0.059238697311581 0.059238697311581
0.553 0.058344180090891 0.058344180090891
0.554 0.0342062598377239 0.0342062598377239
0.555 0.0494633907131498 0.0494633907131499
0.556 0.0644492793322393 0.0644492793322393
0.557 0.042652937414558 0.0426529374145581
0.558 0.0407037547341041 0.040703754734104
0.559 0.0655141924478152 0.0655141924478151
0.56 0.0515111196467814 0.0515111196467814
0.561 0.0383825857972564 0.0383825857972564
0.562 0.0542434589013301 0.0542434589013302
0.563 0.0526342262347817 0.0526342262347817
0.564 0.033271519379392 0.033271519379392
0.565 0.0364952319675284 0.0364952319675283
0.566 0.0575394091308753 0.0575394091308753
0.567 0.0482621272207725 0.0482621272207725
0.568 0.0426400937006938 0.0426400937006939
0.569 0.0574747479926359 0.0574747479926359
0.57 0.0485314424549074 0.0485314424549075
0.571 0.0404540699811788 0.0404540699811788
0.572 0.0690505312073956 0.0690505312073956
0.573 0.0570923738430261 0.0570923738430261
0.574 0.0466275100195463 0.0466275100195464
0.575 0.0606859981403881 0.060685998140388
0.576 0.0486195539331561 0.048619553933156
0.577 0.0413956526296829 0.041395652629683
0.578 0.0508422456709781 0.0508422456709782
0.579 0.0501465336408248 0.0501465336408247
0.58 0.0397348477619482 0.0397348477619482
0.581 0.0524579378438482 0.0524579378438482
0.582 0.057568752282046 0.0575687522820459
0.583 0.0492092335282223 0.0492092335282223
0.584 0.0524756385526846 0.0524756385526845
0.585 0.0581227444875731 0.0581227444875731
0.586 0.0553502877570535 0.0553502877570535
0.587 0.0393606977962358 0.0393606977962358
0.588 0.0492486547575322 0.0492486547575322
0.589 0.0584488222235824 0.0584488222235824
0.59 0.0517772408661611 0.051777240866161
0.591 0.0528259355860548 0.0528259355860548
0.592 0.0530261697983263 0.0530261697983262
0.593 0.0556022051581337 0.0556022051581337
0.594 0.054979597375076 0.0549795973750761
0.595 0.0504951186671036 0.0504951186671035
0.596 0.0544365457282202 0.0544365457282201
0.597 0.0642410543187415 0.0642410543187415
0.598 0.0456367716965327 0.0456367716965328
0.599 0.0374224610382898 0.0374224610382898
0.6 0.0533366696318879 0.0533366696318879
0.601 0.052899952071142 0.0528999520711421
0.602 0.0445076739369081 0.044507673936908
0.603 0.0571857243370313 0.0571857243370311
0.604 0.0534018188789821 0.0534018188789822
0.605 0.0453490643154902 0.0453490643154902
0.606 0.060695414943746 0.0606954149437461
0.607 0.0522546019019944 0.0522546019019944
0.608 0.0357979724718864 0.0357979724718864
0.609 0.0574355799654719 0.0574355799654719
0.61 0.0514385416384669 0.0514385416384669
0.611 0.0404700429147906 0.0404700429147906
0.612 0.0583710092981898 0.0583710092981898
0.613 0.054746942634583 0.054746942634583
0.614 0.0472481149008816 0.0472481149008816
0.615 0.0460958075841648 0.0460958075841647
0.616 0.0447775997274758 0.0447775997274758
0.617 0.0431191769489164 0.0431191769489165
0.618 0.0474967935929097 0.0474967935929097
0.619 0.0454640744534707 0.0454640744534707
0.62 0.0408301515399375 0.0408301515399376
0.621 0.0462548717315038 0.0462548717315037
0.622 0.0542398745239363 0.0542398745239363
0.623 0.0591316007120181 0.0591316007120182
0.624 0.0522657459137727 0.0522657459137727
0.625 0.0428781551504003 0.0428781551504003
0.626 0.0506686369361636 0.0506686369361636
0.627 0.0521063924367926 0.0521063924367926
0.628 0.0452587326822955 0.0452587326822955
0.629 0.0371468754958158 0.0371468754958158
0.63 0.0414070720891937 0.0414070720891937
0.631 0.0550776541186465 0.0550776541186464
0.632 0.056548234833288 0.0565482348332881
0.633 0.0417761732764914 0.0417761732764913
0.634 0.0511797509970074 0.0511797509970074
0.635 0.0527037144838787 0.0527037144838787
0.636 0.042940566770942 0.042940566770942
0.637 0.0448777126338595 0.0448777126338594
0.638 0.0478783893555825 0.0478783893555826
0.639 0.0493856004281082 0.0493856004281081
0.64 0.0477498644087623 0.0477498644087624
0.641 0.0424659198570605 0.0424659198570605
0.642 0.0449083011971966 0.0449083011971965
0.643 0.0599111911575284 0.0599111911575283
0.644 0.0574942524279474 0.0574942524279473
0.645 0.0461847494510055 0.0461847494510055
0.646 0.0396108404413848 0.0396108404413849
0.647 0.0490314117482105 0.0490314117482105
0.648 0.0421902067766627 0.0421902067766627
0.649 0.0405975036427055 0.0405975036427056
0.65 0.047335250273306 0.047335250273306
0.651 0.045832884968099 0.045832884968099
0.652 0.0433791869691472 0.0433791869691472
0.653 0.045847965364985 0.0458479653649849
0.654000000000001 0.0458130493754578 0.0458130493754578
0.655 0.0485590679195127 0.0485590679195127
0.656 0.0339282756187603 0.0339282756187602
0.657 0.0451358562665745 0.0451358562665745
0.658 0.061126198218692 0.0611261982186919
0.659 0.0488685862622872 0.0488685862622872
0.66 0.0449968730885265 0.0449968730885264
0.661 0.0599601465991816 0.0599601465991816
0.662 0.0546521051901163 0.0546521051901162
0.663 0.0477284482179206 0.0477284482179206
0.664 0.0591369906862507 0.0591369906862507
0.665 0.0620721275962693 0.0620721275962693
0.666 0.0447797503889156 0.0447797503889156
0.667 0.0487727726929534 0.0487727726929535
0.668 0.0594236214400945 0.0594236214400945
0.669 0.0457768522834071 0.045776852283407
0.67 0.0429141237966146 0.0429141237966147
0.671 0.055024817133731 0.055024817133731
0.672 0.0604565143676113 0.0604565143676113
0.673 0.049981696492044 0.049981696492044
0.674 0.0402130557614553 0.0402130557614553
0.675 0.0551072338794691 0.0551072338794692
0.676 0.0551046181349382 0.0551046181349382
0.677 0.0380685742182335 0.0380685742182335
0.678 0.0438465982842998 0.0438465982842998
0.679 0.0632848097813818 0.0632848097813816
0.68 0.0601800492426318 0.0601800492426318
0.681 0.0527643689094561 0.0527643689094562
0.682 0.0534013601292787 0.0534013601292787
0.683 0.0518720105975229 0.051872010597523
0.684 0.0494833770399869 0.0494833770399869
0.685 0.0665029392531766 0.0665029392531766
0.686 0.0612355995685016 0.0612355995685017
0.687 0.0376941285243684 0.0376941285243683
0.688 0.0467124827031778 0.0467124827031779
0.689 0.0631946462747212 0.0631946462747212
0.69 0.0518064115492595 0.0518064115492595
0.691000000000001 0.0460419941530625 0.0460419941530625
0.692 0.0584263607248428 0.0584263607248428
0.693 0.0525617950560686 0.0525617950560686
0.694 0.0386845736727352 0.0386845736727352
0.695 0.0465335172754777 0.0465335172754777
0.696 0.0611205849338174 0.0611205849338174
0.697 0.0496409815266894 0.0496409815266894
0.698 0.0488392814524441 0.0488392814524442
0.699 0.057201580924897 0.0572015809248971
0.7 0.0537254871777976 0.0537254871777977
0.701 0.0567141687350175 0.0567141687350175
0.702 0.0539919568955286 0.0539919568955286
0.703 0.0441294029962319 0.0441294029962319
0.704 0.0500479820496511 0.0500479820496511
0.705 0.0511600362150308 0.0511600362150309
0.706 0.0486235648126014 0.0486235648126013
0.707 0.0440908699423697 0.0440908699423697
0.708 0.0677883297804164 0.0677883297804164
0.709 0.0660470026177918 0.0660470026177918
0.71 0.0409718337552633 0.0409718337552632
0.711 0.0501312071029668 0.0501312071029668
0.712 0.0701375859159169 0.0701375859159168
0.713 0.0491895393780932 0.0491895393780932
0.714 0.0430830640758114 0.0430830640758114
0.715 0.05399204376407 0.0539920437640701
0.716 0.049446366700499 0.0494463667004989
0.717 0.0391855558938983 0.0391855558938983
0.718 0.04879074630895 0.04879074630895
0.719 0.0627169848337085 0.0627169848337084
0.72 0.0425385972578273 0.0425385972578273
0.721 0.0386220616065125 0.0386220616065125
0.722 0.0596666485686271 0.0596666485686272
0.723 0.0531469192901073 0.0531469192901074
0.724 0.0476283578030749 0.047628357803075
0.725 0.0586148997471025 0.0586148997471025
0.726 0.0524084329349761 0.0524084329349761
0.727000000000001 0.0458639780455228 0.0458639780455228
0.728 0.0599315823128751 0.0599315823128751
0.729 0.0603016614852587 0.0603016614852587
0.73 0.0457047700735531 0.0457047700735531
0.731 0.0625018891119812 0.0625018891119812
0.732 0.064993971928824 0.0649939719288242
0.733 0.0471706368036356 0.0471706368036356
0.734000000000001 0.0567646902808327 0.0567646902808325
0.735 0.0635664627427873 0.0635664627427871
0.736 0.0491242070880901 0.0491242070880901
0.737 0.0513230836572517 0.0513230836572516
0.738 0.0552064331689128 0.0552064331689128
0.739 0.0496708159844658 0.0496708159844658
0.74 0.0437522672596503 0.0437522672596503
0.741 0.0515955435766972 0.0515955435766972
0.742 0.0600880260099215 0.0600880260099215
0.743 0.0524688575025131 0.0524688575025132
0.744 0.0428683434136888 0.0428683434136889
0.745 0.0526152213979534 0.0526152213979533
0.746 0.0593329047101875 0.0593329047101875
0.747 0.0467589074068223 0.0467589074068224
0.748 0.0432606245474188 0.0432606245474189
0.749 0.0452682845511174 0.0452682845511174
0.75 0.0444843305635968 0.0444843305635968
0.751 0.0531572844427028 0.0531572844427027
0.752000000000001 0.0557947524276533 0.0557947524276533
0.753 0.0482442617928714 0.0482442617928715
0.754 0.0513057647213416 0.0513057647213414
0.755 0.0650900056787553 0.0650900056787553
0.756 0.0614977028068694 0.0614977028068695
0.757 0.0493084037305473 0.0493084037305473
0.758 0.0608130273705205 0.0608130273705204
0.759000000000001 0.0480599584079134 0.0480599584079134
0.76 0.0425143713373763 0.0425143713373764
0.761 0.066049514961701 0.0660495149617011
0.762 0.0673213202272845 0.0673213202272844
0.763 0.0437920246941266 0.0437920246941267
0.764 0.0442519363014277 0.0442519363014277
0.765 0.062643465355992 0.062643465355992
0.766 0.0461299648969825 0.0461299648969826
0.767 0.0425839894336004 0.0425839894336003
0.768 0.0565371795300051 0.056537179530005
0.769 0.0541702390219713 0.0541702390219712
0.770000000000001 0.0559898997067302 0.0559898997067302
0.771 0.0550229147739825 0.0550229147739826
0.772 0.0428978687002032 0.0428978687002032
0.773 0.0615046286659334 0.0615046286659336
0.774 0.0701918974621099 0.0701918974621098
0.775 0.0475322262659893 0.0475322262659893
0.776 0.0458395252848866 0.0458395252848866
0.777000000000001 0.058950713645953 0.0589507136459531
0.778 0.065053676577646 0.0650536765776459
0.779 0.0573899041759594 0.0573899041759593
0.78 0.0500686715252452 0.0500686715252452
0.781 0.0606638868957866 0.0606638868957866
0.782 0.0665450438237476 0.0665450438237477
0.783 0.0486151049327745 0.0486151049327745
0.784 0.0455393225121698 0.0455393225121697
0.785 0.0583614090010967 0.0583614090010967
0.786 0.056458128078746 0.0564581280787459
0.787 0.050592894809149 0.050592894809149
0.788 0.0562332777337802 0.0562332777337801
0.789 0.0587172591816589 0.058717259181659
0.79 0.0476648153927808 0.0476648153927807
0.791 0.0447796830809063 0.0447796830809063
0.792 0.0537188739843032 0.0537188739843032
0.793 0.0581328108089497 0.0581328108089496
0.794 0.0547457306145779 0.0547457306145778
0.795 0.0568904024397186 0.0568904024397186
0.796 0.0657006333725864 0.0657006333725864
0.797 0.0571951711512201 0.05719517115122
0.798 0.0557715159429923 0.0557715159429924
0.799 0.062169919565996 0.0621699195659959
0.8 0.0557125427891513 0.0557125427891514
0.801 0.0508028785137182 0.0508028785137182
0.802 0.0553955989722113 0.0553955989722114
0.803 0.060716487907362 0.060716487907362
0.804 0.0483258960447099 0.0483258960447099
0.805 0.048401885697353 0.048401885697353
0.806000000000001 0.063024094788143 0.0630240947881429
0.807 0.0596024186464959 0.0596024186464959
0.808 0.0534080104654696 0.0534080104654696
0.809 0.0527793494007371 0.0527793494007371
0.81 0.0584638678404219 0.0584638678404219
0.811 0.0658335951089769 0.0658335951089769
0.812 0.0539834105632513 0.0539834105632513
0.813 0.0553282094989519 0.0553282094989518
0.814000000000001 0.0641268451970036 0.0641268451970036
0.815 0.0500671842893562 0.0500671842893561
0.816 0.0455358733469336 0.0455358733469335
0.817000000000001 0.0580532291648384 0.0580532291648384
0.818 0.0673895762572989 0.0673895762572989
0.819 0.0677686948881931 0.0677686948881931
0.82 0.0567738544337281 0.0567738544337281
0.821000000000001 0.058199237633713 0.058199237633713
0.822 0.0649504504603089 0.0649504504603089
0.823 0.0664388233527369 0.0664388233527369
0.824 0.06401082508533 0.06401082508533
0.825 0.069792754119188 0.0697927541191879
0.826 0.0734793706970897 0.0734793706970897
0.827 0.0715781572004254 0.0715781572004255
0.828000000000001 0.0599434216431367 0.0599434216431367
0.829 0.0498526183220417 0.0498526183220417
0.83 0.0656631350443616 0.0656631350443616
0.831 0.069603963044808 0.069603963044808
0.832 0.0473441058446704 0.0473441058446704
0.833 0.0613684923189382 0.0613684923189383
0.834 0.0742245189244647 0.0742245189244646
0.835000000000001 0.051826115812328 0.051826115812328
0.836 0.0552486736962076 0.0552486736962076
0.837 0.0592819831795052 0.0592819831795052
0.838 0.0605314806954247 0.0605314806954246
0.839 0.066258725423917 0.066258725423917
0.84 0.0574503448494549 0.057450344849455
0.841 0.0489079564994431 0.048907956499443
0.842 0.0559643151136939 0.0559643151136939
0.843000000000001 0.0651325785885214 0.0651325785885214
0.844 0.0538959511219361 0.0538959511219361
0.845 0.0579231037741867 0.0579231037741867
0.846 0.069684707003358 0.069684707003358
0.847 0.0680126884251965 0.0680126884251964
0.848 0.0576510134172206 0.0576510134172207
0.849 0.0525361893693606 0.0525361893693605
0.850000000000001 0.0481812910803556 0.0481812910803556
0.851 0.0537214396809807 0.0537214396809808
0.852 0.0598607377076928 0.0598607377076928
0.853 0.0572234966065911 0.0572234966065912
0.854 0.0582232009597736 0.0582232009597736
0.855 0.0606373867193651 0.0606373867193652
0.856 0.0507103526600684 0.0507103526600683
0.857000000000001 0.0553366604505625 0.0553366604505626
0.858 0.0671951394739089 0.0671951394739088
0.859 0.0543211280512886 0.0543211280512886
0.86 0.048578247057601 0.0485782470576011
0.861000000000001 0.06530646173308 0.06530646173308
0.862 0.0688088003408763 0.0688088003408762
0.863 0.0562708214003746 0.0562708214003747
0.864000000000001 0.0522508798814613 0.0522508798814613
0.865 0.066002352962117 0.0660023529621169
0.866 0.0577752952592291 0.0577752952592293
0.867 0.0504697090093436 0.0504697090093436
0.868000000000001 0.0570067755755065 0.0570067755755065
0.869 0.0665546455320147 0.0665546455320146
0.87 0.0594446233011849 0.0594446233011848
0.871000000000001 0.0523151473285137 0.0523151473285137
0.872 0.0565583750154061 0.0565583750154062
0.873 0.0586059780182006 0.0586059780182005
0.874 0.060252371320281 0.0602523713202811
0.875000000000001 0.0595201154591889 0.0595201154591889
0.876 0.0529712002489332 0.0529712002489333
0.877 0.0590580084444772 0.0590580084444771
0.878000000000001 0.0635096673350337 0.0635096673350337
0.879 0.0508749280932041 0.0508749280932042
0.88 0.0532611860960764 0.0532611860960764
0.881 0.0553772230189489 0.055377223018949
0.882000000000001 0.0473464968890996 0.0473464968890996
0.883 0.0576880110730544 0.0576880110730545
0.884 0.0526990308307027 0.0526990308307027
0.885 0.0535596634559028 0.0535596634559028
0.886000000000001 0.0595627790431741 0.059562779043174
0.887 0.0540522840189851 0.0540522840189851
0.888 0.0617443430401471 0.061744343040147
0.889000000000001 0.0700607376517794 0.0700607376517794
0.89 0.051142183625999 0.0511421836259989
0.891 0.0527840706028275 0.0527840706028275
0.892 0.0639217945788352 0.0639217945788352
0.893000000000001 0.0619512326989263 0.0619512326989264
0.894 0.0574022009642825 0.0574022009642824
0.895 0.0632677512573082 0.0632677512573081
0.896000000000001 0.0681963609458441 0.0681963609458441
0.897 0.0593982599216927 0.0593982599216927
0.898 0.0553905219713087 0.0553905219713087
0.899 0.0606998443381415 0.0606998443381416
0.900000000000001 0.0578723274838754 0.0578723274838753
0.901 0.0565325512245826 0.0565325512245827
0.902 0.0659520797421586 0.0659520797421586
0.903 0.0559983927442261 0.0559983927442261
0.904 0.050995323180995 0.050995323180995
0.905 0.06300831752062 0.0630083175206201
0.906 0.0517996531060607 0.0517996531060606
0.907000000000001 0.0488064991352446 0.0488064991352446
0.908 0.0580607325995943 0.0580607325995942
0.909 0.0564157527430669 0.0564157527430668
0.91 0.0679653135521698 0.0679653135521699
0.911 0.0677681946179953 0.0677681946179954
0.912 0.057522198541629 0.057522198541629
0.913 0.0582987592743139 0.058298759274314
0.914000000000001 0.0518224518906478 0.0518224518906478
0.915 0.0549123759197049 0.0549123759197048
0.916 0.0654271058420074 0.0654271058420074
0.917 0.0582860318234493 0.0582860318234494
0.918 0.0600318220355636 0.0600318220355636
0.919 0.0598070974097276 0.0598070974097276
0.92 0.0534176727116472 0.0534176727116472
0.921000000000001 0.0499273597058392 0.0499273597058392
0.922000000000001 0.0572748657697805 0.0572748657697804
0.923 0.0615209439530778 0.0615209439530778
0.924 0.0556867409235956 0.0556867409235956
0.925 0.0639525864562379 0.0639525864562379
0.926 0.0648094292147072 0.0648094292147072
0.927 0.0559625110334662 0.0559625110334663
0.928 0.0545909389232096 0.0545909389232096
0.929000000000001 0.0597150145465622 0.0597150145465622
0.93 0.0585927754340291 0.0585927754340292
0.931 0.0702265415808227 0.0702265415808226
0.932 0.0648661534531787 0.0648661534531787
0.933 0.0601415847364679 0.0601415847364679
0.934 0.0601068766868634 0.0601068766868633
0.935 0.0612265614988392 0.0612265614988394
0.936000000000001 0.0549022639802219 0.0549022639802218
0.937 0.0634408402159429 0.0634408402159428
0.938 0.0561357157713663 0.0561357157713663
0.939 0.0480564026834364 0.0480564026834363
0.940000000000001 0.0636615085249782 0.0636615085249783
0.941 0.0646117162160768 0.0646117162160768
0.942 0.054865159538383 0.0548651595383831
0.943 0.0662549425113095 0.0662549425113096
0.944000000000001 0.062655118304615 0.062655118304615
0.945 0.0531371046444183 0.0531371046444183
0.946 0.0566790349767632 0.0566790349767632
0.947 0.0669350813159689 0.0669350813159691
0.948 0.0633396644132546 0.0633396644132546
0.949 0.0546942297355664 0.0546942297355665
0.95 0.0617000244883003 0.0617000244883002
0.951000000000001 0.0674327266791151 0.067432726679115
0.952 0.0481620765566792 0.0481620765566792
0.953 0.0501092584641742 0.0501092584641742
0.954 0.0639378587655449 0.0639378587655449
0.955 0.0529606416278766 0.0529606416278766
0.956 0.0565485862818399 0.0565485862818399
0.957 0.0631700888588873 0.0631700888588872
0.958000000000001 0.0632537015430321 0.0632537015430321
0.959000000000001 0.0561614455899352 0.0561614455899352
0.96 0.0588547274567741 0.0588547274567741
0.961 0.0655888627519212 0.0655888627519212
0.962 0.0605646861651791 0.0605646861651791
0.963 0.0569930156742932 0.0569930156742932
0.964 0.0635959780368149 0.0635959780368149
0.965 0.0548700243063518 0.0548700243063518
0.966000000000001 0.0570552687966618 0.0570552687966618
0.967 0.0640064157060857 0.0640064157060857
0.968 0.0527101470607702 0.0527101470607701
0.969 0.0552236425640117 0.0552236425640117
0.97 0.0616345899166819 0.0616345899166819
0.971 0.064147016784521 0.064147016784521
0.972 0.0599419173106755 0.0599419173106754
0.973000000000001 0.0445853136761795 0.0445853136761795
0.974 0.048895366822192 0.048895366822192
0.975 0.0629312886921391 0.0629312886921391
0.976 0.0550509956789474 0.0550509956789474
0.977000000000001 0.0530198565041241 0.0530198565041242
0.978 0.0570510576730737 0.0570510576730738
0.979 0.0535808889875965 0.0535808889875965
0.980000000000001 0.0596960945015624 0.0596960945015623
0.981 0.0532173705592476 0.0532173705592477
0.982 0.0469040892471986 0.0469040892471986
0.983 0.0620287898591214 0.0620287898591213
0.984000000000001 0.0594544998948356 0.0594544998948356
0.985 0.0519048843532238 0.0519048843532239
0.986 0.0505698627172209 0.050569862717221
0.987000000000001 0.0589557443866826 0.0589557443866825
0.988 0.0607948489103062 0.0607948489103062
0.989 0.0545134828413292 0.0545134828413293
0.99 0.0641490452505714 0.0641490452505714
0.991000000000001 0.068328911086205 0.0683289110862051
0.992 0.0535231308069307 0.0535231308069308
0.993 0.0582073231611161 0.0582073231611162
0.994000000000001 0.0674234888340911 0.0674234888340911
0.995 0.0615237721344144 0.0615237721344144
0.996 0.0614536243592126 0.0614536243592126
0.997 0.0607882671515138 0.0607882671515139
0.998000000000001 0.0572892907021525 0.0572892907021524
0.999 0.0708259131835593 0.0708259131835593
1 0.0687132921269549 0.0687132921269551
1.001 0.0665607347121735 0.0665607347121735
1.002 0.0715851863925759 0.0715851863925759
1.003 0.0659721194305681 0.0659721194305681
1.004 0.0635755877796725 0.0635755877796725
1.005 0.0613907254664141 0.0613907254664142
1.006 0.0619159063510615 0.0619159063510615
1.007 0.0611353653248679 0.0611353653248679
1.008 0.0586385507567476 0.0586385507567476
1.009 0.0656944148114005 0.0656944148114005
1.01 0.0707141626257226 0.0707141626257227
1.011 0.0565718226463079 0.0565718226463079
1.012 0.0590846642087847 0.0590846642087846
1.013 0.0726460796923523 0.0726460796923523
1.014 0.0586566888446798 0.0586566888446798
1.015 0.0430956791917473 0.0430956791917473
1.016 0.0584624005127875 0.0584624005127874
1.017 0.0640611451675885 0.0640611451675886
1.018 0.042064858966351 0.0420648589663509
1.019 0.0570428931798855 0.0570428931798856
1.02 0.0685328424983753 0.0685328424983753
1.021 0.0490468868066047 0.0490468868066047
1.022 0.0469905973480068 0.0469905973480067
1.023 0.0652837282924483 0.0652837282924483
1.024 0.0660838828757668 0.0660838828757668
1.025 0.0515909942033342 0.0515909942033341
1.026 0.0582289894612308 0.0582289894612309
1.027 0.0661320885530241 0.0661320885530242
1.028 0.0585872741040472 0.0585872741040471
1.029 0.0511913003058827 0.0511913003058828
1.03 0.0577228249899482 0.0577228249899481
1.031 0.0630997298124084 0.0630997298124085
1.032 0.053974222551501 0.053974222551501
1.033 0.0580433319476883 0.0580433319476883
1.034 0.0660708938909468 0.0660708938909468
1.035 0.0566964773721202 0.0566964773721201
1.036 0.0556637595776055 0.0556637595776055
1.037 0.0633732280166396 0.0633732280166396
1.038 0.0549532422911085 0.0549532422911086
1.039 0.0633276219906373 0.0633276219906372
1.04 0.062558847459076 0.062558847459076
1.041 0.0524558567848604 0.0524558567848603
1.042 0.0574484778795553 0.0574484778795554
1.043 0.0750719042824423 0.0750719042824422
1.044 0.0661867952992692 0.0661867952992693
1.045 0.0513849247997149 0.0513849247997149
1.046 0.0598809668008103 0.0598809668008101
1.047 0.0652439447904822 0.0652439447904822
1.048 0.0439449537655948 0.0439449537655949
1.049 0.0519948215238123 0.0519948215238123
1.05 0.064643713136789 0.064643713136789
1.051 0.0579927691837799 0.0579927691837799
1.052 0.0577130362813169 0.0577130362813168
1.053 0.0739011981960185 0.0739011981960185
1.054 0.0635385660945524 0.0635385660945524
1.055 0.0549271073533605 0.0549271073533605
1.056 0.0685365707924069 0.068536570792407
1.057 0.0643466385811946 0.0643466385811946
1.058 0.059455922707413 0.0594559227074129
1.059 0.0649181754298396 0.0649181754298397
1.06 0.0629223134868164 0.0629223134868164
1.061 0.0656787035004074 0.0656787035004073
1.062 0.0582948818483108 0.0582948818483107
1.063 0.0505553187359108 0.0505553187359109
1.064 0.0624918011480627 0.0624918011480627
1.065 0.0732902722506151 0.0732902722506151
1.066 0.0576360717650397 0.0576360717650397
1.067 0.0496595690239592 0.0496595690239592
1.068 0.0820654991965776 0.0820654991965777
1.069 0.0816507472604331 0.0816507472604332
1.07 0.0513573297430701 0.0513573297430701
1.071 0.0688453474115937 0.0688453474115937
1.072 0.0791083130932111 0.079108313093211
1.073 0.06072117399037 0.06072117399037
1.074 0.0573988321405179 0.0573988321405179
1.075 0.0582965056583744 0.0582965056583744
1.076 0.0738196401195851 0.0738196401195851
1.077 0.0692725163406352 0.0692725163406352
1.078 0.0503380725745668 0.0503380725745668
1.079 0.0692469346514325 0.0692469346514325
1.08 0.0796579802590393 0.0796579802590393
1.081 0.054673781940767 0.054673781940767
1.082 0.0624391884211703 0.0624391884211702
1.083 0.0738071804484837 0.0738071804484838
1.084 0.0654174350459669 0.0654174350459669
1.085 0.0617558895175945 0.0617558895175945
1.086 0.0575647759758444 0.0575647759758443
1.087 0.0598674586056916 0.0598674586056916
1.088 0.0677073323889183 0.0677073323889183
1.089 0.0620472089462428 0.0620472089462428
1.09 0.0561919182237346 0.0561919182237345
1.091 0.0615211565956936 0.0615211565956936
1.092 0.0728118427818172 0.0728118427818172
1.093 0.0623968622260606 0.0623968622260606
1.094 0.0638130050601169 0.0638130050601169
1.095 0.0856165948457587 0.0856165948457588
1.096 0.0678115880873035 0.0678115880873034
1.097 0.0494112016948672 0.0494112016948672
1.098 0.0678372008720162 0.0678372008720161
1.099 0.0732461009212613 0.0732461009212612
1.1 0.0663845315296762 0.0663845315296762
1.101 0.0578267306968953 0.0578267306968953
1.102 0.0650674601004418 0.0650674601004419
1.103 0.0675089334400042 0.0675089334400043
1.104 0.0540029942650649 0.054002994265065
1.105 0.0713813615557056 0.0713813615557057
1.106 0.0845976639183621 0.0845976639183622
1.107 0.060585438830338 0.060585438830338
1.108 0.0522214778237875 0.0522214778237875
1.109 0.062981750797622 0.062981750797622
1.11 0.0675420091865009 0.0675420091865008
1.111 0.0624745534141599 0.0624745534141598
1.112 0.0559213970180545 0.0559213970180545
1.113 0.0538438173129616 0.0538438173129616
1.114 0.0576410469373363 0.0576410469373364
1.115 0.0523565395501013 0.0523565395501014
1.116 0.0504397084672456 0.0504397084672457
1.117 0.061289619872969 0.061289619872969
1.118 0.0668647527557573 0.0668647527557573
1.119 0.059685867575324 0.0596858675753239
1.12 0.0555803770920273 0.0555803770920273
1.121 0.0673619232519592 0.0673619232519591
1.122 0.0646440154327804 0.0646440154327804
1.123 0.0638816544221883 0.0638816544221883
1.124 0.0646261524117004 0.0646261524117004
1.125 0.0636008615080872 0.0636008615080872
1.126 0.0608277921748671 0.060827792174867
1.127 0.0594314689500046 0.0594314689500046
1.128 0.0604456524739779 0.0604456524739779
1.129 0.0543382105644764 0.0543382105644764
1.13 0.0504135490998849 0.0504135490998848
1.131 0.0546431953375682 0.0546431953375683
1.132 0.060812777794698 0.0608127777946981
1.133 0.0597760060789651 0.0597760060789651
1.134 0.0547239063009111 0.0547239063009111
1.135 0.0551155580488296 0.0551155580488296
1.136 0.0500853255193003 0.0500853255193003
1.137 0.0449186108395552 0.0449186108395552
1.138 0.0505317155169893 0.0505317155169893
1.139 0.0540033007512777 0.0540033007512777
1.14 0.048352236137512 0.0483522361375118
1.141 0.0517875544002754 0.0517875544002753
1.142 0.0505232963463544 0.0505232963463543
1.143 0.0404900435062626 0.0404900435062626
1.144 0.0489860103960361 0.0489860103960362
1.145 0.0678442890794291 0.067844289079429
1.146 0.070125006286918 0.070125006286918
1.147 0.0498382078851854 0.0498382078851854
1.148 0.0601394180279309 0.0601394180279309
1.149 0.0679109421830856 0.0679109421830856
1.15 0.051056375833961 0.051056375833961
1.151 0.054046413009162 0.054046413009162
1.152 0.0684345400327031 0.0684345400327031
1.153 0.0558383985024624 0.0558383985024625
1.154 0.0474300089124272 0.0474300089124271
1.155 0.0645014511984851 0.064501451198485
1.156 0.0682555627629779 0.0682555627629779
1.157 0.0548042044577531 0.0548042044577531
1.158 0.0504330474374814 0.0504330474374814
1.159 0.0616483602410645 0.0616483602410646
1.16 0.0557256298150269 0.055725629815027
1.161 0.0464043355466766 0.0464043355466766
1.162 0.067163256870284 0.0671632568702841
1.163 0.0624914263989081 0.0624914263989081
1.164 0.0535345908490867 0.0535345908490867
1.165 0.0667950720124731 0.0667950720124732
1.166 0.0641416663798652 0.0641416663798652
1.167 0.0574339050564955 0.0574339050564954
1.168 0.064170213015001 0.064170213015001
1.169 0.071028868725591 0.0710288687255911
1.17 0.0591434109724283 0.0591434109724283
1.171 0.0677527289174452 0.0677527289174452
1.172 0.0717477678271477 0.0717477678271477
1.173 0.0504674807491827 0.0504674807491827
1.174 0.0586617223192938 0.0586617223192938
1.175 0.0665336873516233 0.0665336873516233
1.176 0.0621122059358921 0.062112205935892
1.177 0.0650095757525369 0.0650095757525369
1.178 0.0613390839413537 0.0613390839413537
1.179 0.0709055672261986 0.0709055672261987
1.18 0.0822350592483187 0.0822350592483188
1.181 0.0640223630991371 0.0640223630991371
1.182 0.0578558147752492 0.0578558147752491
1.183 0.0774164404130562 0.0774164404130562
1.184 0.0736428206131481 0.0736428206131481
1.185 0.0625547456308937 0.0625547456308936
1.186 0.0625546080269704 0.0625546080269704
1.187 0.0662701698269719 0.0662701698269719
1.188 0.0676661111401659 0.0676661111401659
1.189 0.052793308582439 0.052793308582439
1.19 0.0519558280657066 0.0519558280657066
1.191 0.0624519452123515 0.0624519452123516
1.192 0.0577980620139343 0.0577980620139343
1.193 0.0577450852294988 0.0577450852294988
1.194 0.0624868652651934 0.0624868652651934
1.195 0.0652645955723378 0.0652645955723378
1.196 0.0604354277361866 0.0604354277361866
1.197 0.0619619907014021 0.0619619907014022
1.198 0.0595587656281104 0.0595587656281104
1.199 0.0558881676113696 0.0558881676113696
1.2 0.0677479072458046 0.0677479072458045
1.201 0.06237276700218 0.06237276700218
1.202 0.0586244628570018 0.0586244628570018
1.203 0.0635912347239539 0.063591234723954
1.204 0.0550155333403924 0.0550155333403923
1.205 0.0446612917666532 0.0446612917666532
1.206 0.0580281059857641 0.0580281059857642
1.207 0.0635966207911821 0.0635966207911822
1.208 0.0520820723830242 0.0520820723830242
1.209 0.0614371140248765 0.0614371140248764
1.21 0.0701818542214998 0.0701818542214998
1.211 0.0505675423451295 0.0505675423451296
1.212 0.0496214721013544 0.0496214721013543
1.213 0.0734114084050434 0.0734114084050433
1.214 0.0641727281293577 0.0641727281293577
1.215 0.0500366340659378 0.0500366340659378
1.216 0.0670775286005479 0.067077528600548
1.217 0.0622280427856599 0.06222804278566
1.218 0.0599063105742749 0.0599063105742749
1.219 0.0695748279576359 0.0695748279576359
1.22 0.0685702748642463 0.0685702748642462
1.221 0.0671611896608609 0.0671611896608609
1.222 0.0675828679559315 0.0675828679559314
1.223 0.0619680798020702 0.0619680798020702
1.224 0.0630365838861436 0.0630365838861437
1.225 0.0562376589664744 0.0562376589664743
1.226 0.0576128018923609 0.057612801892361
1.227 0.0703008415362517 0.0703008415362516
1.228 0.0616867035394821 0.0616867035394821
1.229 0.0662815523563045 0.0662815523563044
1.23 0.0700526210802509 0.0700526210802508
1.231 0.0620547648444813 0.0620547648444813
1.232 0.0672815180126776 0.0672815180126775
1.233 0.0598363775453538 0.0598363775453539
1.234 0.0593663665722312 0.0593663665722312
1.235 0.0700490449966638 0.0700490449966638
1.236 0.0625272006459666 0.0625272006459665
1.237 0.0584207703064511 0.0584207703064511
1.238 0.0632974821544981 0.063297482154498
1.239 0.0645658005457324 0.0645658005457324
1.24 0.0722925668288191 0.0722925668288191
1.241 0.0637751528163229 0.0637751528163229
1.242 0.0654630928587085 0.0654630928587085
1.243 0.0761814439391483 0.0761814439391484
1.244 0.0666588037809262 0.0666588037809262
1.245 0.0528544034398271 0.0528544034398271
1.246 0.0618091619888706 0.0618091619888706
1.247 0.0641880786363409 0.064188078636341
1.248 0.0580592214490702 0.0580592214490701
1.249 0.0707238923208446 0.0707238923208447
1.25 0.0785460309017649 0.078546030901765
1.251 0.0681622787726451 0.068162278772645
1.252 0.0572283235792698 0.0572283235792698
1.253 0.066125744320376 0.0661257443203759
1.254 0.0738920341494053 0.0738920341494054
1.255 0.069826531029802 0.0698265310298021
1.256 0.0585880782055493 0.0585880782055493
1.257 0.0523100584057028 0.0523100584057028
1.258 0.0630282588651782 0.0630282588651783
1.259 0.0696379607947326 0.0696379607947325
1.26 0.0605937960804193 0.0605937960804194
1.261 0.060816492431906 0.0608164924319061
1.262 0.0647326483316196 0.0647326483316196
1.263 0.066632390885896 0.066632390885896
1.264 0.05910005343259 0.0591000534325901
1.265 0.066861132778133 0.066861132778133
1.266 0.0651499397598403 0.0651499397598402
1.267 0.0536050803223291 0.0536050803223291
1.268 0.0626765501721678 0.0626765501721679
1.269 0.0650094534236651 0.0650094534236651
1.27 0.0520752571757979 0.0520752571757978
1.271 0.0568759445388543 0.0568759445388542
1.272 0.0660424489252655 0.0660424489252655
1.273 0.0676914196223604 0.0676914196223604
1.274 0.0678974761439961 0.067897476143996
1.275 0.0554656484753807 0.0554656484753807
1.276 0.057025478491013 0.057025478491013
1.277 0.0664298849044068 0.0664298849044068
1.278 0.0684742052256407 0.0684742052256406
1.279 0.0610745126108618 0.0610745126108618
1.28 0.0654574440435912 0.0654574440435912
1.281 0.0681829476874632 0.0681829476874632
1.282 0.0693643762972666 0.0693643762972666
1.283 0.0741294167827985 0.0741294167827984
1.284 0.0719445069257665 0.0719445069257663
1.285 0.0583419330597651 0.0583419330597652
1.286 0.0664604387580266 0.0664604387580265
1.287 0.0671498133718169 0.0671498133718169
1.288 0.0737261120376172 0.0737261120376172
1.289 0.0813723380046854 0.0813723380046853
1.29 0.061031155480846 0.0610311554808461
1.291 0.0559452614837009 0.055945261483701
1.292 0.0790800275433655 0.0790800275433655
1.293 0.0603611584416099 0.06036115844161
1.294 0.0488200495960921 0.0488200495960922
1.295 0.0791449056480896 0.0791449056480895
1.296 0.08009522004202 0.08009522004202
1.297 0.052527220949762 0.052527220949762
1.298 0.0618087750909049 0.0618087750909049
1.299 0.0752477402354077 0.0752477402354077
1.3 0.0614893791131966 0.0614893791131966
1.301 0.062477653440817 0.062477653440817
1.302 0.07088319788996 0.07088319788996
1.303 0.0734685688165754 0.0734685688165753
1.304 0.0644940398274272 0.064494039827427
1.305 0.0651029296130213 0.0651029296130213
1.306 0.0653693799853181 0.0653693799853182
1.307 0.0545686471652421 0.054568647165242
1.308 0.0580889936592451 0.058088993659245
1.309 0.0640853623462172 0.0640853623462172
1.31 0.065950492312566 0.065950492312566
1.311 0.0720304714135922 0.0720304714135922
1.312 0.069640259885301 0.069640259885301
1.313 0.0679593249190003 0.0679593249190002
1.314 0.0624216911411892 0.0624216911411893
1.315 0.063317396523247 0.063317396523247
1.316 0.0522320014535791 0.0522320014535791
1.317 0.0529906151825326 0.0529906151825328
1.318 0.0724259305155289 0.072425930515529
1.319 0.0615129456338124 0.0615129456338125
1.32 0.0629305329073115 0.0629305329073114
1.321 0.0779602889113022 0.0779602889113022
1.322 0.0660643967277673 0.0660643967277674
1.323 0.0659912869360647 0.0659912869360647
1.324 0.0665811428034136 0.0665811428034136
1.325 0.056919513756071 0.0569195137560711
1.326 0.0634965838668998 0.0634965838668999
1.327 0.0697892213877422 0.0697892213877421
1.328 0.0589574511721453 0.0589574511721453
1.329 0.0511896173599466 0.0511896173599465
1.33 0.0688475029689058 0.0688475029689058
1.331 0.0696257178324938 0.0696257178324938
1.332 0.0545129841559886 0.0545129841559886
1.333 0.0650181840661778 0.0650181840661779
1.334 0.07592021846255 0.07592021846255
1.335 0.0653279235625577 0.0653279235625578
1.336 0.0629658824702714 0.0629658824702714
1.337 0.0740629387748676 0.0740629387748675
1.338 0.0750479138192361 0.0750479138192361
1.339 0.0597903288112266 0.0597903288112266
1.34 0.065568661294352 0.065568661294352
1.341 0.0732712940492909 0.073271294049291
1.342 0.0551260840894745 0.0551260840894744
1.343 0.0551547820906191 0.0551547820906191
1.344 0.0751487979000813 0.0751487979000812
1.345 0.0636311455520604 0.0636311455520604
1.346 0.050918426327059 0.0509184263270591
1.347 0.0687894878744207 0.0687894878744207
1.348 0.0791442020900582 0.0791442020900583
1.349 0.0618002601587339 0.0618002601587339
1.35 0.0548886645942917 0.0548886645942917
1.351 0.0723828834205166 0.0723828834205166
1.352 0.0706570004798269 0.0706570004798269
1.353 0.0570814424941698 0.0570814424941699
1.354 0.0688802664591642 0.0688802664591641
1.355 0.0767862014057717 0.0767862014057717
1.356 0.063226291918984 0.063226291918984
1.357 0.0682627575673837 0.0682627575673836
1.358 0.0752368008626305 0.0752368008626305
1.359 0.0610765475168096 0.0610765475168096
1.36 0.062204441135802 0.062204441135802
1.361 0.0870302878577795 0.0870302878577795
1.362 0.0752108228376165 0.0752108228376165
1.363 0.0546251221148352 0.0546251221148352
1.364 0.0716056233112475 0.0716056233112475
1.365 0.0780076708773255 0.0780076708773255
1.366 0.0542453496335619 0.0542453496335619
1.367 0.0663487921093178 0.0663487921093178
1.368 0.0779881109136756 0.0779881109136756
1.369 0.0590393038086775 0.0590393038086775
1.37 0.0652936522247575 0.0652936522247575
1.371 0.0797337897840704 0.0797337897840704
1.372 0.0731913810463036 0.0731913810463036
1.373 0.0745087167669179 0.0745087167669179
1.374 0.0812863426789942 0.0812863426789942
1.375 0.0741131745766394 0.0741131745766395
1.376 0.0679092800750969 0.067909280075097
1.377 0.0747568784190941 0.0747568784190941
1.378 0.0759662061107826 0.0759662061107826
1.379 0.0623458407157787 0.0623458407157787
1.38 0.0698107524034886 0.0698107524034886
1.381 0.0818761973930145 0.0818761973930146
1.382 0.0748170242205538 0.0748170242205538
1.383 0.0645480038419043 0.0645480038419044
1.384 0.0763517705456176 0.0763517705456176
1.385 0.0807780907005553 0.0807780907005554
1.386 0.0696081133804528 0.0696081133804528
1.387 0.0628120218561045 0.0628120218561045
1.388 0.0655933396811659 0.0655933396811659
1.389 0.0618521720025201 0.0618521720025201
1.39 0.0610726235581157 0.0610726235581157
1.391 0.0670082947028273 0.0670082947028273
1.392 0.0759260414127342 0.0759260414127342
1.393 0.0730740218546593 0.0730740218546593
1.394 0.0696339811687646 0.0696339811687647
1.395 0.0670870446751432 0.0670870446751431
1.396 0.0662643720296477 0.0662643720296477
1.397 0.0676982833242428 0.0676982833242428
1.398 0.0667347046274159 0.0667347046274159
1.399 0.0661109765148432 0.0661109765148431
1.4 0.0672992489836472 0.0672992489836472
1.401 0.0753947356771518 0.0753947356771518
1.402 0.0686409177983052 0.0686409177983052
1.403 0.0603975562665841 0.0603975562665841
1.404 0.069275059265948 0.069275059265948
1.405 0.0845831153748278 0.0845831153748278
1.406 0.0730451128541092 0.0730451128541092
1.407 0.0687282051352197 0.0687282051352196
1.408 0.0818131529637914 0.0818131529637914
1.409 0.0749596461094739 0.0749596461094739
1.41 0.0643786496564413 0.0643786496564412
1.411 0.0677265862178766 0.0677265862178766
1.412 0.0723394468942825 0.0723394468942824
1.413 0.0632753297423409 0.0632753297423409
1.414 0.0645039457060831 0.0645039457060832
1.415 0.0763548054890504 0.0763548054890503
1.416 0.0773964197958887 0.0773964197958886
1.417 0.0708110083086497 0.0708110083086497
1.418 0.0699249488501359 0.069924948850136
1.419 0.0730056082076417 0.0730056082076417
1.42 0.0715510577084976 0.0715510577084977
1.421 0.0657545525519426 0.0657545525519426
1.422 0.0683606626805974 0.0683606626805974
1.423 0.0650223652144756 0.0650223652144758
1.424 0.0640096880046827 0.0640096880046827
1.425 0.0720262217415197 0.0720262217415197
1.426 0.0730690623807607 0.0730690623807607
1.427 0.0708100259276775 0.0708100259276774
1.428 0.0723746103406368 0.0723746103406369
1.429 0.0690580648722323 0.0690580648722323
1.43 0.0656558383020028 0.0656558383020028
1.431 0.0684135223988935 0.0684135223988935
1.432 0.0815142822481717 0.0815142822481717
1.433 0.0825592137128131 0.082559213712813
1.434 0.0751321677061505 0.0751321677061503
1.435 0.0760099116067891 0.0760099116067891
1.436 0.0815903466681267 0.0815903466681266
1.437 0.078760604068248 0.0787606040682481
1.438 0.0694350373862261 0.0694350373862261
1.439 0.0632053766245167 0.0632053766245166
1.44 0.067562329238088 0.067562329238088
1.441 0.0752279701128524 0.0752279701128523
1.442 0.0816582726244953 0.0816582726244953
1.443 0.0763883434517118 0.0763883434517118
1.444 0.0793322966143527 0.0793322966143527
1.445 0.0802298728471851 0.0802298728471852
1.446 0.0787219153271234 0.0787219153271234
1.447 0.0750531656745967 0.0750531656745967
1.448 0.0767168745994856 0.0767168745994856
1.449 0.0784608926359377 0.0784608926359377
1.45 0.0709773633089602 0.0709773633089602
1.451 0.0774178438157067 0.0774178438157068
1.452 0.086731089307742 0.0867310893077421
1.453 0.0755653858639145 0.0755653858639145
1.454 0.0786738526742585 0.0786738526742584
1.455 0.0839142271503883 0.0839142271503884
1.456 0.0641363557748428 0.0641363557748428
1.457 0.0719779448640897 0.0719779448640897
1.458 0.0859167569751117 0.0859167569751116
1.459 0.0727561492112934 0.0727561492112935
1.46 0.0636140422759432 0.0636140422759432
1.461 0.0753224311173089 0.0753224311173088
1.462 0.0720788281278829 0.0720788281278829
1.463 0.0683475031082177 0.0683475031082178
1.464 0.081788336774999 0.081788336774999
1.465 0.0816300973722318 0.0816300973722318
1.466 0.0647147737029214 0.0647147737029214
1.467 0.0690571961406712 0.0690571961406712
1.468 0.0796732664775232 0.0796732664775233
1.469 0.0682566364215653 0.0682566364215653
1.47 0.0595414212430142 0.0595414212430142
1.471 0.0716879924934889 0.0716879924934889
1.472 0.0702969469396751 0.0702969469396751
1.473 0.055820542228366 0.055820542228366
1.474 0.0658108734289138 0.0658108734289139
1.475 0.0763545169265354 0.0763545169265353
1.476 0.054905517422978 0.054905517422978
1.477 0.0643994421349391 0.0643994421349391
1.478 0.0779267800576362 0.0779267800576362
1.479 0.0582326765269149 0.058232676526915
1.48 0.0670447734703047 0.0670447734703047
1.481 0.0829889121372944 0.0829889121372945
1.482 0.0620048294017787 0.0620048294017787
1.483 0.0574131651714248 0.0574131651714248
1.484 0.0871239533220497 0.0871239533220498
1.485 0.0809617538252618 0.0809617538252618
1.486 0.06698687734744 0.0669868773474399
1.487 0.0826865128051816 0.0826865128051816
1.488 0.0755831535452975 0.0755831535452976
1.489 0.0640288419607558 0.0640288419607558
1.49 0.0624961912503215 0.0624961912503215
1.491 0.0753531708309704 0.0753531708309704
1.492 0.0814659819804194 0.0814659819804193
1.493 0.0692604134304405 0.0692604134304405
1.494 0.0742247721375284 0.0742247721375284
1.495 0.0851507516778689 0.0851507516778689
1.496 0.0696599419769185 0.0696599419769184
1.497 0.0682097738167421 0.068209773816742
1.498 0.0770359654535687 0.0770359654535688
1.499 0.0765763584625856 0.0765763584625856
1.5 0.0723422163167974 0.0723422163167976
1.501 0.0694776730090206 0.0694776730090206
1.502 0.0699772428940978 0.0699772428940978
1.503 0.081828916489204 0.081828916489204
1.504 0.090713785040445 0.090713785040445
1.505 0.0859139297514559 0.0859139297514559
1.506 0.0757282927147758 0.0757282927147758
1.507 0.083730206175481 0.083730206175481
1.508 0.0828297078267327 0.0828297078267328
1.509 0.07354857122923 0.0735485712292299
1.51 0.0807200572931303 0.0807200572931304
1.511 0.0889901612567881 0.0889901612567881
1.512 0.0811810084235405 0.0811810084235404
1.513 0.0768845186956166 0.0768845186956165
1.514 0.0874461768654959 0.087446176865496
1.515 0.086844540800387 0.086844540800387
1.516 0.0615200763567285 0.0615200763567284
1.517 0.0759608632936773 0.0759608632936774
1.518 0.0900943744481548 0.0900943744481547
1.519 0.0693777719564374 0.0693777719564375
1.52 0.0745525582560862 0.0745525582560862
1.521 0.0836852321335304 0.0836852321335304
1.522 0.0710860558925357 0.0710860558925357
1.523 0.0743708240918493 0.0743708240918493
1.524 0.0766515023402836 0.0766515023402836
1.525 0.0691677006813185 0.0691677006813185
1.526 0.0746840298230741 0.0746840298230743
1.527 0.0757703767752436 0.0757703767752438
1.528 0.0670214592961251 0.0670214592961252
1.529 0.0652815306638651 0.0652815306638651
1.53 0.0708977455945348 0.070897745594535
1.531 0.0794208877492809 0.0794208877492809
1.532 0.0716416306690909 0.0716416306690909
1.533 0.0737546040868222 0.0737546040868223
1.534 0.0856950965385734 0.0856950965385734
1.535 0.0773037638587124 0.0773037638587124
1.536 0.0824127696914221 0.0824127696914222
1.537 0.0876168641177851 0.0876168641177851
1.538 0.0778037443708605 0.0778037443708606
1.539 0.0770483035820075 0.0770483035820075
1.54 0.0794718599035488 0.0794718599035487
1.541 0.066050009694951 0.0660500096949512
1.542 0.075239946256691 0.0752399462566912
1.543 0.0917711566919775 0.0917711566919775
1.544 0.0775850210313734 0.0775850210313733
1.545 0.077545788304856 0.0775457883048559
1.546 0.0964131044881782 0.0964131044881783
1.547 0.081370046867436 0.0813700468674359
1.548 0.06799724190772 0.06799724190772
1.549 0.0762284624793423 0.0762284624793424
1.55 0.0845825559970071 0.084582555997007
1.551 0.0789344017079439 0.078934401707944
1.552 0.0847780702434486 0.0847780702434486
1.553 0.0875214094529563 0.0875214094529563
1.554 0.0772002587245817 0.0772002587245817
1.555 0.0756128529249215 0.0756128529249215
1.556 0.0748545786642955 0.0748545786642954
1.557 0.0732134317393952 0.0732134317393952
1.558 0.075630623106764 0.075630623106764
1.559 0.0634351078999186 0.0634351078999186
1.56 0.0632175296524014 0.0632175296524015
1.561 0.0800474331610777 0.0800474331610777
1.562 0.0784269970488658 0.0784269970488659
1.563 0.0664046464536646 0.0664046464536646
1.564 0.0747873693273404 0.0747873693273404
1.565 0.0801801343402791 0.0801801343402791
1.566 0.0776011621926911 0.077601162192691
1.567 0.0712233042108351 0.071223304210835
1.568 0.0679525985563927 0.0679525985563927
1.569 0.0707111984680897 0.0707111984680896
1.57 0.078765602617411 0.078765602617411
1.571 0.0764951181116528 0.0764951181116529
1.572 0.0742078797261921 0.0742078797261922
1.573 0.0783404727447657 0.0783404727447657
1.574 0.0781091546980077 0.0781091546980077
1.575 0.0767189190228245 0.0767189190228246
1.576 0.0832868712568609 0.0832868712568607
1.577 0.0755837154500329 0.0755837154500329
1.578 0.0755213591211211 0.0755213591211212
1.579 0.0842749820125945 0.0842749820125945
1.58 0.0751312476231271 0.075131247623127
1.581 0.070632306174548 0.070632306174548
1.582 0.0760506433628605 0.0760506433628605
1.583 0.0762912445082892 0.0762912445082891
1.584 0.0823594196819693 0.0823594196819692
1.585 0.0872351930587108 0.0872351930587107
1.586 0.0782953353842894 0.0782953353842895
1.587 0.0742680456806342 0.0742680456806343
1.588 0.0820028527402027 0.0820028527402027
1.589 0.0740206023227068 0.0740206023227067
1.59 0.0729605322126833 0.0729605322126833
1.591 0.0807705384390431 0.080770538439043
1.592 0.0723681531779916 0.0723681531779916
1.593 0.0688210283273487 0.0688210283273486
1.594 0.0884614023276042 0.0884614023276042
1.595 0.0824102488516382 0.0824102488516382
1.596 0.072160328291827 0.072160328291827
1.597 0.0901789853417512 0.0901789853417512
1.598 0.0848630453513188 0.0848630453513187
1.599 0.0748847527995546 0.0748847527995546
1.6 0.0807878524701075 0.0807878524701076
1.601 0.0761082445250971 0.0761082445250972
1.602 0.0731396469925739 0.0731396469925739
1.603 0.0856310029646118 0.0856310029646118
1.604 0.080483932851171 0.080483932851171
1.605 0.0663440579788141 0.066344057978814
1.606 0.0743437090048596 0.0743437090048596
1.607 0.0857381656015448 0.0857381656015448
1.608 0.0773515759151097 0.0773515759151097
1.609 0.0686065375836825 0.0686065375836825
1.61 0.0778396803699823 0.0778396803699822
1.611 0.0763039097547481 0.0763039097547482
1.612 0.0699731338854128 0.0699731338854128
1.613 0.0817328094363376 0.0817328094363376
1.614 0.0872913181962135 0.0872913181962134
1.615 0.0807766382791689 0.0807766382791688
1.616 0.0862779270846992 0.0862779270846992
1.617 0.0822504119948138 0.0822504119948139
1.618 0.0843857701845268 0.0843857701845267
1.619 0.0918425215474536 0.0918425215474536
1.62 0.0808476127752397 0.0808476127752397
1.621 0.0772849034285916 0.0772849034285917
1.622 0.0876602379806608 0.0876602379806607
1.623 0.0796807970588075 0.0796807970588075
1.624 0.0723431591406472 0.0723431591406473
1.625 0.0869352616824942 0.0869352616824941
1.626 0.0913631072189995 0.0913631072189996
1.627 0.0839449511031715 0.0839449511031716
1.628 0.0721820465195874 0.0721820465195874
1.629 0.0896853583348794 0.0896853583348795
1.63 0.0957543938851832 0.0957543938851834
1.631 0.066775009767643 0.066775009767643
1.632 0.0770128083127373 0.0770128083127373
1.633 0.095892816916907 0.095892816916907
1.634 0.0715516983598733 0.0715516983598733
1.635 0.0682707922594563 0.0682707922594561
1.636 0.0791654760647902 0.0791654760647901
1.637 0.077959695351697 0.0779596953516969
1.638 0.0864886529061445 0.0864886529061445
1.639 0.0809645463889816 0.0809645463889817
1.64 0.0806066673170957 0.0806066673170957
1.641 0.0844497831622356 0.0844497831622355
1.642 0.0787469342387155 0.0787469342387155
1.643 0.0831968327757256 0.0831968327757256
1.644 0.0840423943594779 0.0840423943594778
1.645 0.0831715015053418 0.0831715015053419
1.646 0.0858891886658645 0.0858891886658645
1.647 0.0805487486299761 0.0805487486299762
1.648 0.0811868097496861 0.0811868097496861
1.649 0.0878851461568543 0.0878851461568542
1.65 0.0789222139659066 0.0789222139659067
1.651 0.0717967127820704 0.0717967127820704
1.652 0.0897892282678789 0.0897892282678788
1.653 0.0861631529677588 0.0861631529677589
1.654 0.0744882622809363 0.0744882622809363
1.655 0.0862439050924013 0.0862439050924013
1.656 0.084823843545379 0.0848238435453791
1.657 0.0744466355658352 0.0744466355658352
1.658 0.087126216325382 0.0871262163253821
1.659 0.087459662662098 0.087459662662098
1.66 0.0713935325807161 0.0713935325807162
1.661 0.0882590533931936 0.0882590533931936
1.662 0.0899743655135126 0.0899743655135125
1.663 0.0689539909036845 0.0689539909036845
1.664 0.0860181486692748 0.0860181486692748
1.665 0.0961761208271963 0.0961761208271965
1.666 0.0797641618977119 0.0797641618977119
1.667 0.0827852129289479 0.0827852129289479
1.668 0.0890176951384769 0.0890176951384769
1.669 0.0929165551505718 0.0929165551505718
1.67 0.0937153110958552 0.0937153110958552
1.671 0.0850699386113081 0.0850699386113081
1.672 0.0865473175429171 0.0865473175429171
1.673 0.0890827130212734 0.0890827130212733
1.674 0.0771370515658938 0.0771370515658939
1.675 0.0710671304576578 0.0710671304576577
1.676 0.0840942062925009 0.0840942062925007
1.677 0.0912612816837979 0.0912612816837979
1.678 0.0803006874539497 0.0803006874539496
1.679 0.0829649392651423 0.0829649392651423
1.68 0.0963506104391707 0.0963506104391707
1.681 0.0862258185741954 0.0862258185741954
1.682 0.0787508144294663 0.0787508144294662
1.683 0.0949597797875691 0.094959779787569
1.684 0.0818318376401979 0.081831837640198
1.685 0.073067844310018 0.073067844310018
1.686 0.0912773134519213 0.0912773134519213
1.687 0.0807162258455199 0.0807162258455199
1.688 0.0752838850821147 0.0752838850821146
1.689 0.0952514068838118 0.0952514068838118
1.69 0.0941450689583238 0.0941450689583236
1.691 0.0811863756551385 0.0811863756551385
1.692 0.0898940140495172 0.0898940140495173
1.693 0.0860619307106964 0.0860619307106964
1.694 0.0829384542150049 0.082938454215005
1.695 0.0822661549040455 0.0822661549040455
1.696 0.0806400209427639 0.0806400209427638
1.697 0.0741975249125533 0.0741975249125534
1.698 0.0783640619931233 0.0783640619931232
1.699 0.0795493960048906 0.0795493960048905
1.7 0.0802030084577277 0.0802030084577278
1.701 0.0795729487074174 0.0795729487074173
1.702 0.0789171259421078 0.0789171259421078
1.703 0.0800825236195322 0.0800825236195323
1.704 0.0795723711784972 0.0795723711784972
1.705 0.0838922893884385 0.0838922893884384
1.706 0.0829122417677958 0.0829122417677959
1.707 0.0764724495982205 0.0764724495982204
1.708 0.0751071182118405 0.0751071182118405
1.709 0.0785459770725995 0.0785459770725995
1.71 0.0843471467777175 0.0843471467777175
1.711 0.0833705626246146 0.0833705626246146
1.712 0.0952024244944387 0.0952024244944387
1.713 0.0965279665131599 0.0965279665131599
1.714 0.0843617616004 0.0843617616004
1.715 0.0758753537128035 0.0758753537128036
1.716 0.0778300069999826 0.0778300069999826
1.717 0.0814756455045724 0.0814756455045724
1.718 0.0911446828894923 0.0911446828894922
1.719 0.0881199895399847 0.0881199895399847
1.72 0.0837049821388011 0.0837049821388011
1.721 0.0928995466202445 0.0928995466202445
1.722 0.0880380036085438 0.0880380036085437
1.723 0.0799355620741831 0.0799355620741831
1.724 0.0816476788817439 0.081647678881744
1.725 0.0774482658182195 0.0774482658182194
1.726 0.0972689769887966 0.0972689769887966
1.727 0.0935831625817046 0.0935831625817047
1.728 0.0771853545796605 0.0771853545796606
1.729 0.0855800539661935 0.0855800539661935
1.73 0.0959277859833146 0.0959277859833147
1.731 0.0825153568590374 0.0825153568590373
1.732 0.0841796211142668 0.0841796211142669
1.733 0.0924813336675291 0.0924813336675292
1.734 0.0814372009428492 0.0814372009428492
1.735 0.0755395739396258 0.0755395739396258
1.736 0.0869217884739469 0.0869217884739469
1.737 0.0832905968601414 0.0832905968601414
1.738 0.0744937804601454 0.0744937804601454
1.739 0.085974018472434 0.0859740184724339
1.74 0.0836678889604876 0.0836678889604875
1.741 0.0871987563819116 0.0871987563819116
1.742 0.0916599833843971 0.091659983384397
1.743 0.0863688822503429 0.086368882250343
1.744 0.0832208830417823 0.0832208830417824
1.745 0.0782139440429588 0.0782139440429589
1.746 0.0832318271524075 0.0832318271524074
1.747 0.0906793719572687 0.0906793719572687
1.748 0.0905307121534548 0.0905307121534548
1.749 0.0905663633878807 0.0905663633878806
1.75 0.08892365759543 0.08892365759543
1.751 0.0906459673828739 0.0906459673828739
1.752 0.0923819221324485 0.0923819221324485
1.753 0.0815513761091951 0.081551376109195
1.754 0.0812499814458379 0.0812499814458378
1.755 0.084346733950999 0.084346733950999
1.756 0.081192116190715 0.0811921161907151
1.757 0.0829470233176653 0.0829470233176654
1.758 0.0918949542926886 0.0918949542926887
1.759 0.0855073747479515 0.0855073747479515
1.76 0.0773279915259283 0.0773279915259283
1.761 0.0874337834905221 0.0874337834905222
1.762 0.0946896326498015 0.0946896326498016
1.763 0.0961694131623017 0.0961694131623017
1.764 0.0956086435071049 0.0956086435071048
1.765 0.0852028470209248 0.0852028470209248
1.766 0.0852442102197067 0.0852442102197068
1.767 0.0791194878511613 0.0791194878511613
1.768 0.0761076269778002 0.0761076269778001
1.769 0.0925282786032543 0.0925282786032543
1.77 0.0931308677418667 0.0931308677418667
1.771 0.0769681830451035 0.0769681830451034
1.772 0.084599541459342 0.0845995414593422
1.773 0.103286071624143 0.103286071624143
1.774 0.0860678669274191 0.086067866927419
1.775 0.0699096760918209 0.0699096760918209
1.776 0.0896911456501351 0.0896911456501352
1.777 0.0853513194864163 0.0853513194864163
1.778 0.0689511548406336 0.0689511548406336
1.779 0.0949252645928715 0.0949252645928715
1.78 0.107507675296334 0.107507675296334
1.781 0.0734471425025564 0.0734471425025565
1.782 0.0753207955453522 0.0753207955453522
1.783 0.0953617921722435 0.0953617921722436
1.784 0.0760319886456019 0.0760319886456019
1.785 0.0697837994627509 0.0697837994627509
1.786 0.0939660583586049 0.093966058358605
1.787 0.095119244382287 0.0951192443822869
1.788 0.0752648348822119 0.0752648348822118
1.789 0.0853247381413827 0.0853247381413827
1.79 0.0971672007401702 0.0971672007401701
1.791 0.0776011685592092 0.0776011685592092
1.792 0.0781508409255337 0.0781508409255339
1.793 0.0985635019043656 0.0985635019043655
1.794 0.0790565013660919 0.0790565013660919
1.795 0.0785273984278301 0.0785273984278301
1.796 0.0890194919392706 0.0890194919392706
1.797 0.0837849364778884 0.0837849364778883
1.798 0.0822605516791593 0.0822605516791594
1.799 0.0922190267419083 0.0922190267419083
1.8 0.0923114358619156 0.0923114358619156
1.801 0.0887742456117312 0.0887742456117313
1.802 0.0959429130304521 0.0959429130304521
1.803 0.092461547297426 0.092461547297426
1.804 0.0904031607642132 0.0904031607642131
1.805 0.0927062995826268 0.0927062995826267
1.806 0.0910637176593743 0.0910637176593743
1.807 0.0904955962956831 0.0904955962956831
1.808 0.0886715503089527 0.0886715503089528
1.809 0.0853184030610561 0.0853184030610561
1.81 0.0835746326735671 0.0835746326735672
1.811 0.0926078037975411 0.0926078037975412
1.812 0.082833458254135 0.082833458254135
1.813 0.0810907862893367 0.0810907862893367
1.814 0.0953177322698566 0.0953177322698567
1.815 0.0865615005727396 0.0865615005727396
1.816 0.0731273101275779 0.0731273101275779
1.817 0.0925663913067415 0.0925663913067415
1.818 0.101960413620491 0.101960413620491
1.819 0.0805368468545712 0.0805368468545712
1.82 0.0888818037428234 0.0888818037428235
1.821 0.0943138807841779 0.0943138807841779
1.822 0.0808570960689803 0.0808570960689803
1.823 0.085445627788587 0.085445627788587
1.824 0.0898735428581746 0.0898735428581746
1.825 0.0752210609055371 0.0752210609055371
1.826 0.0852669648826403 0.0852669648826404
1.827 0.0977876583590313 0.0977876583590313
1.828 0.083342021748963 0.0833420217489631
1.829 0.0792514296762257 0.0792514296762256
1.83 0.0902199869744703 0.0902199869744702
1.831 0.0851721103561022 0.0851721103561023
1.832 0.0736961968348734 0.0736961968348734
1.833 0.0787704448824774 0.0787704448824774
1.834 0.0979970128113541 0.0979970128113542
1.835 0.0907975871892636 0.0907975871892636
1.836 0.0823780228349802 0.0823780228349802
1.837 0.0940901432964845 0.0940901432964845
1.838 0.0908537837796922 0.0908537837796922
1.839 0.0804341443985001 0.0804341443985001
1.84 0.0911896483778522 0.0911896483778522
1.841 0.0929379562329641 0.0929379562329641
1.842 0.0887112654895978 0.0887112654895977
1.843 0.074005229930372 0.0740052299303719
1.844 0.0770950144877907 0.0770950144877907
1.845 0.0914342635916543 0.0914342635916544
1.846 0.0775515615760338 0.0775515615760337
1.847 0.0720852755403769 0.0720852755403769
1.848 0.0839037525613898 0.0839037525613899
1.849 0.0791959549899534 0.0791959549899534
1.85 0.0859224899473511 0.085922489947351
1.851 0.0890643189776409 0.0890643189776409
1.852 0.0817062304973636 0.0817062304973637
1.853 0.090491434745995 0.0904914347459951
1.854 0.0873175911903856 0.0873175911903855
1.855 0.0769165162060109 0.0769165162060109
1.856 0.0828092403457143 0.0828092403457143
1.857 0.0872111197600165 0.0872111197600165
1.858 0.0843297639626696 0.0843297639626697
1.859 0.0811875738140081 0.0811875738140081
1.86 0.0820876748208028 0.0820876748208028
1.861 0.0802088508531587 0.0802088508531587
1.862 0.0708195535162403 0.0708195535162403
1.863 0.0778062799826729 0.0778062799826728
1.864 0.0863231150857422 0.0863231150857421
1.865 0.0829479261195136 0.0829479261195137
1.866 0.0907627921259235 0.0907627921259236
1.867 0.0867086426392888 0.0867086426392888
1.868 0.0834245531763562 0.0834245531763561
1.869 0.0862495997948332 0.0862495997948333
1.87 0.0803876963529817 0.0803876963529818
1.871 0.085201386362059 0.085201386362059
1.872 0.0816290706611914 0.0816290706611915
1.873 0.085689232192723 0.085689232192723
1.874 0.0893252510313965 0.0893252510313965
1.875 0.0908120220889359 0.0908120220889358
1.876 0.0972414749729872 0.0972414749729872
1.877 0.0963467681512201 0.09634676815122
1.878 0.0866033179819315 0.0866033179819316
1.879 0.0887581458130652 0.0887581458130653
1.88 0.095990977266415 0.095990977266415
1.881 0.090348314861788 0.090348314861788
1.882 0.093003856314932 0.093003856314932
1.883 0.0945132217783557 0.0945132217783557
1.884 0.0832443767551965 0.0832443767551965
1.885 0.078770487483177 0.078770487483177
1.886 0.0794008292453192 0.0794008292453193
1.887 0.0815108018094868 0.0815108018094867
1.888 0.0821434532349878 0.0821434532349878
1.889 0.0821594183853755 0.0821594183853755
1.89 0.0829425570362618 0.0829425570362619
1.891 0.0904819148669681 0.090481914866968
1.892 0.0829588338070776 0.0829588338070777
1.893 0.0830092045893219 0.0830092045893217
1.894 0.0984648421000799 0.0984648421000798
1.895 0.0899425773594768 0.0899425773594769
1.896 0.0730446734732713 0.0730446734732713
1.897 0.0864052591888489 0.0864052591888489
1.898 0.0966707218120332 0.0966707218120331
1.899 0.0838412509271941 0.083841250927194
1.9 0.0796595370528582 0.0796595370528582
1.901 0.0831448813501958 0.0831448813501957
1.902 0.0890213400985948 0.0890213400985947
1.903 0.0860808708452767 0.0860808708452766
1.904 0.08345273665871 0.0834527366587101
1.905 0.0924711998685744 0.0924711998685744
1.906 0.082769046598706 0.082769046598706
1.907 0.0756457142786336 0.0756457142786337
1.908 0.0934328403317686 0.0934328403317686
1.909 0.0941334818669317 0.0941334818669317
1.91 0.0858329632532368 0.0858329632532368
1.911 0.0888153479514816 0.0888153479514815
1.912 0.0919344284771315 0.0919344284771313
1.913 0.0832515366042296 0.0832515366042297
1.914 0.0861649287639353 0.0861649287639353
1.915 0.100928653310913 0.100928653310913
1.916 0.081681912021694 0.0816819120216939
1.917 0.0676602126512372 0.0676602126512372
1.918 0.0999761261362691 0.0999761261362691
1.919 0.0968385841346058 0.0968385841346059
1.92 0.0670531478489128 0.0670531478489128
1.921 0.0858893192503826 0.0858893192503827
1.922 0.111763650304652 0.111763650304652
1.923 0.0866421272568195 0.0866421272568194
1.924 0.0702148245074903 0.0702148245074904
1.925 0.0995158092738313 0.0995158092738314
1.926 0.105240860149592 0.105240860149592
1.927 0.0759349607136412 0.0759349607136411
1.928 0.0851710297059924 0.0851710297059925
1.929 0.107874092837253 0.107874092837253
1.93 0.0898475712919368 0.0898475712919369
1.931 0.0731730338599051 0.0731730338599052
1.932 0.0843824715868874 0.0843824715868873
1.933 0.0895647601094003 0.0895647601094003
1.934 0.0807868551950332 0.0807868551950332
1.935 0.0861113575124895 0.0861113575124895
1.936 0.0897334382131217 0.0897334382131217
1.937 0.0758311495164017 0.0758311495164017
1.938 0.0804846177006843 0.0804846177006843
1.939 0.0872706605298497 0.0872706605298497
1.94 0.0789246458188489 0.0789246458188488
1.941 0.0861035511575513 0.0861035511575513
1.942 0.105059952625796 0.105059952625796
1.943 0.080956831604161 0.080956831604161
1.944 0.0724502746829727 0.0724502746829726
1.945 0.0893151353905408 0.0893151353905409
1.946 0.0861280309228141 0.0861280309228142
1.947 0.0902835230516311 0.0902835230516311
1.948 0.0905665758700781 0.090566575870078
1.949 0.0758891972543285 0.0758891972543285
1.95 0.0849693568741126 0.0849693568741126
1.951 0.0942230914043276 0.0942230914043275
1.952 0.0777820984105346 0.0777820984105346
1.953 0.0854467828640789 0.0854467828640788
1.954 0.09223326667659 0.09223326667659
1.955 0.073529371097566 0.0735293710975661
1.956 0.0886911231242088 0.0886911231242088
1.957 0.105644866654293 0.105644866654292
1.958 0.0794106923461185 0.0794106923461183
1.959 0.0776828810843567 0.0776828810843568
1.96 0.10154388885129 0.10154388885129
1.961 0.0897517488000473 0.0897517488000474
1.962 0.0801413372122282 0.0801413372122282
1.963 0.0939052269969519 0.0939052269969519
1.964 0.0978661279912472 0.0978661279912472
1.965 0.0812282098862351 0.0812282098862351
1.966 0.0784403007275443 0.0784403007275442
1.967 0.0925701904530774 0.0925701904530774
1.968 0.08329428794728 0.08329428794728
1.969 0.0766583764357023 0.0766583764357023
1.97 0.0925208883356547 0.0925208883356547
1.971 0.0934771173943555 0.0934771173943557
1.972 0.0831577544255046 0.0831577544255046
1.973 0.0849929578244017 0.0849929578244017
1.974 0.0886193613437466 0.0886193613437465
1.975 0.0868641831318117 0.0868641831318118
1.976 0.0808386702054296 0.0808386702054296
1.977 0.0903887416532357 0.0903887416532357
1.978 0.0949745186270177 0.0949745186270178
1.979 0.0918494140870529 0.0918494140870529
1.98 0.0897913678100633 0.0897913678100632
1.981 0.0891432883489922 0.0891432883489922
1.982 0.0826673355537873 0.0826673355537872
1.983 0.0812466756066544 0.0812466756066544
1.984 0.0809865351819809 0.0809865351819809
1.985 0.0873488541886988 0.0873488541886988
1.986 0.0945678079656553 0.0945678079656553
1.987 0.0811508956744936 0.0811508956744938
1.988 0.0794946591622378 0.0794946591622378
1.989 0.0853689174211319 0.085368917421132
1.99 0.0784989639977348 0.0784989639977347
1.991 0.0762803788775793 0.0762803788775794
1.992 0.0861475695120569 0.086147569512057
1.993 0.0800507575490465 0.0800507575490465
1.994 0.0741158873590405 0.0741158873590405
1.995 0.0844375273143669 0.0844375273143668
1.996 0.0922220462440887 0.0922220462440887
1.997 0.0864102781020315 0.0864102781020316
1.998 0.089530836544424 0.089530836544424
1.999 0.0830276143096894 0.0830276143096894
2 0.0778240178194435 0.0778240178194436
